time	V(vout)	I(D1)
0.000000000000000e+000	9.126758e+000	-2.301354e-004
9.999999999996123e-006	9.126413e+000	-7.659146e-005
3.000000000000225e-005	9.125725e+000	1.810411e-007
1.185714285714322e-004	9.122677e+000	1.836926e-007
2.071428571428621e-004	9.119631e+000	1.862710e-007
2.957142857142921e-004	9.116586e+000	1.887763e-007
3.842857142857220e-004	9.113542e+000	1.912084e-007
4.728571428571520e-004	9.110499e+000	1.935673e-007
5.614285714285820e-004	9.107457e+000	1.958531e-007
6.500000000000117e-004	9.104416e+000	1.980657e-007
9.500000000000203e-004	9.094122e+000	2.049470e-007
1.250000000000029e-003	9.083840e+000	2.108668e-007
1.550000000000038e-003	9.073570e+000	2.157674e-007
1.850000000000046e-003	9.063313e+000	2.195851e-007
2.150000000000055e-003	9.053065e+000	2.222460e-007
2.450000000000063e-003	9.042830e+000	2.236614e-007
2.750000000000072e-003	9.032606e+000	2.237229e-007
2.850000000000075e-003	9.029202e+000	2.234706e-007
2.950000000000078e-003	9.025797e+000	2.281480e-007
3.050000000000080e-003	9.022394e+000	5.968261e-007
3.150000000000083e-003	9.018993e+000	1.888030e-005
3.250000000000086e-003	9.015594e+000	1.476580e-004
3.290586262939904e-003	9.014215e+000	4.054439e-004
3.316043186022771e-003	9.013352e+000	8.777902e-004
3.336433118777266e-003	9.012663e+000	1.703537e-003
3.355750642520652e-003	9.012013e+000	3.209199e-003
3.374613880760380e-003	9.011385e+000	5.927598e-003
3.394270078611109e-003	9.010741e+000	1.100607e-002
3.412976862909964e-003	9.010147e+000	1.953210e-002
3.431978628389301e-003	9.009578e+000	3.450810e-002
3.451137115618563e-003	9.009061e+000	6.013958e-002
3.470906028614815e-003	9.008631e+000	1.043484e-001
3.491647354594396e-003	9.008368e+000	1.804830e-001
3.514042692235986e-003	9.008443e+000	3.122452e-001
3.539464548141094e-003	9.009270e+000	5.436633e-001
3.571769495454569e-003	9.011957e+000	9.609500e-001
3.610933293497570e-003	9.018076e+000	1.580976e+000
3.649425955843999e-003	9.027542e+000	2.207328e+000
3.691058576238485e-003	9.041603e+000	2.782549e+000
3.739739717754820e-003	9.061865e+000	3.219759e+000
3.815046507324865e-003	9.096829e+000	3.477977e+000
3.895167072396066e-003	9.134405e+000	3.369295e+000
3.977185163847471e-003	9.169794e+000	2.984303e+000
4.063526892217534e-003	9.200882e+000	2.435956e+000
4.161487203426198e-003	9.227426e+000	1.768289e+000
4.261487203426201e-003	9.245207e+000	1.130579e+000
4.361487203426204e-003	9.254786e+000	6.047922e-001
4.443214760143768e-003	9.257596e+000	3.044740e-001
4.531155322733488e-003	9.257422e+000	1.056752e-001
4.565720684916216e-003	9.256761e+000	6.005901e-002
4.594645201483158e-003	9.255966e+000	3.825106e-002
4.622890989966835e-003	9.255110e+000	2.396794e-002
4.649456842800798e-003	9.254260e+000	1.496496e-002
4.674552148638822e-003	9.253430e+000	9.348383e-003
4.698653725897048e-003	9.252616e+000	5.839254e-003
4.724151138647187e-003	9.251744e+000	3.460874e-003
4.747711055277631e-003	9.250932e+000	2.087173e-003
4.773882030205845e-003	9.250025e+000	1.178227e-003
4.802386798535591e-003	9.249035e+000	6.213860e-004
4.837260818515224e-003	9.247821e+000	2.811509e-004
4.879618612258871e-003	9.246345e+000	1.059330e-004
4.936851038762513e-003	9.244349e+000	2.952789e-005
5.021083251142727e-003	9.241414e+000	4.330205e-006
5.121083251142730e-003	9.237930e+000	9.607334e-008
5.221083251142733e-003	9.234447e+000	-1.833382e-007
5.321083251142736e-003	9.230967e+000	-1.967919e-007
5.621083251142744e-003	9.220530e+000	-2.069457e-007
5.921083251142753e-003	9.210106e+000	-2.118957e-007
6.221083251142762e-003	9.199693e+000	-2.136137e-007
6.521083251142770e-003	9.189291e+000	-2.130132e-007
6.821083251142779e-003	9.178902e+000	-2.106028e-007
7.121083251142787e-003	9.168525e+000	-2.066906e-007
7.421083251142796e-003	9.158159e+000	-2.014795e-007
7.721083251142805e-003	9.147805e+000	-1.951125e-007
8.021083251142813e-003	9.137463e+000	-1.877006e-007
8.321083251142822e-003	9.127132e+000	-1.793323e-007
8.621083251142830e-003	9.116814e+000	-1.700855e-007
8.921083251142839e-003	9.106505e+000	-1.600283e-007
9.221083251142848e-003	9.096210e+000	-1.492278e-007
9.521083251142856e-003	9.085926e+000	-1.377450e-007
9.821083251142865e-003	9.075654e+000	-1.256424e-007
1.012108325114287e-002	9.065393e+000	-1.129797e-007
1.042108325114288e-002	9.055143e+000	-9.981795e-008
1.072108325114289e-002	9.044907e+000	-8.621691e-008
1.102108325114290e-002	9.034680e+000	-7.223866e-008
1.122108325114291e-002	9.027869e+000	-6.274036e-008
1.132108325114291e-002	9.024466e+000	-5.794413e-008
1.142108325114291e-002	9.021063e+000	-5.311972e-008
1.152108325114291e-002	9.017662e+000	-4.827062e-008
1.159086910231159e-002	9.015290e+000	-4.487340e-008
1.162617187616218e-002	9.014091e+000	-4.315163e-008
1.165006256968448e-002	9.013282e+000	-4.198597e-008
1.167049122491050e-002	9.012591e+000	-4.099065e-008
1.168986906368177e-002	9.011940e+000	-4.004943e-008
1.170876386037079e-002	9.011312e+000	-3.913761e-008
1.172837896600325e-002	9.010670e+000	-3.820243e-008
1.174709198381928e-002	9.010077e+000	-3.732944e-008
1.176609385473768e-002	9.009509e+000	-3.647562e-008
1.178527120917706e-002	9.008995e+000	-3.566892e-008
1.180507160477394e-002	9.008570e+000	-3.492975e-008
1.182586660448397e-002	9.008318e+000	-3.431041e-008
1.184835545983004e-002	9.008413e+000	-3.390195e-008
1.187396112600157e-002	9.009292e+000	-3.386808e-008
1.190675865919270e-002	9.012093e+000	-3.446577e-008
1.194503044829541e-002	9.018174e+000	-3.571801e-008
1.198360536983252e-002	9.027759e+000	-3.704331e-008
1.202514992949240e-002	9.041867e+000	-3.791753e-008
1.207427145401896e-002	9.062384e+000	-3.770344e-008
1.215051872636073e-002	9.097832e+000	-3.517681e-008
1.223061215966995e-002	9.135228e+000	-3.053293e-008
1.232183536104736e-002	9.174203e+000	-2.370109e-008
1.240396542855365e-002	9.203191e+000	-1.690166e-008
1.250396542855366e-002	9.229388e+000	-8.429424e-009
1.260396542855366e-002	9.246381e+000	-2.382876e-010
1.270396542855366e-002	9.255267e+000	7.338638e-009
1.278581721179438e-002	9.257689e+000	1.286210e-008
1.287297273869055e-002	9.257270e+000	1.811690e-008
1.290570469372815e-002	9.256595e+000	1.993862e-008
1.293368963628190e-002	9.255805e+000	2.141962e-008
1.296154412717465e-002	9.254950e+000	2.286101e-008
1.298778885969205e-002	9.254104e+000	2.419757e-008
1.301264780496753e-002	9.253277e+000	2.544937e-008
1.303660846465021e-002	9.252465e+000	2.664648e-008
1.306185804330093e-002	9.251600e+000	2.790086e-008
1.308536015631280e-002	9.250789e+000	2.906380e-008
1.310906602702067e-002	9.249967e+000	3.023370e-008
1.313315496350276e-002	9.249130e+000	3.142027e-008
1.316190629737538e-002	9.248130e+000	3.283378e-008
1.319540593961097e-002	9.246963e+000	3.447818e-008
1.323848222941894e-002	9.245461e+000	3.658950e-008
1.329614519966514e-002	9.243451e+000	3.941063e-008
1.338407769504020e-002	9.240387e+000	4.370047e-008
1.348407769504020e-002	9.236904e+000	4.856156e-008
1.358407769504021e-002	9.233421e+000	5.340144e-008
1.368407769504021e-002	9.229940e+000	5.821721e-008
1.398407769504022e-002	9.219505e+000	7.249673e-008
1.428407769504023e-002	9.209082e+000	8.647908e-008
1.458407769504024e-002	9.198669e+000	1.001038e-007
1.488407769504024e-002	9.188271e+000	1.133117e-007
1.518407769504025e-002	9.177882e+000	1.260446e-007
1.548407769504026e-002	9.167505e+000	1.382459e-007
1.578407769504027e-002	9.157141e+000	1.498606e-007
1.608407769504028e-002	9.146789e+000	1.608337e-007
1.638407769504029e-002	9.136447e+000	1.711126e-007
1.668407769504030e-002	9.126118e+000	1.806450e-007
1.698407769504030e-002	9.115800e+000	1.893789e-007
1.728407769504031e-002	9.105494e+000	1.972628e-007
1.758407769504032e-002	9.095200e+000	2.042457e-007
1.788407769504033e-002	9.084916e+000	2.102724e-007
1.818407769504034e-002	9.074645e+000	2.152869e-007
1.848407769504035e-002	9.064385e+000	2.192262e-007
1.878407769504036e-002	9.054137e+000	2.220172e-007
1.908407769504036e-002	9.043901e+000	2.235729e-007
1.938407769504037e-002	9.033676e+000	2.237880e-007
1.958407769504038e-002	9.026866e+000	2.243187e-007
1.968407769504038e-002	9.023462e+000	3.193891e-007
1.978407769504038e-002	9.020061e+000	5.665833e-006
1.988407769504039e-002	9.016662e+000	2.112130e-004
1.998407769504039e-002	9.013268e+000	1.255573e-003
2.001400965956118e-002	9.012259e+000	2.722168e-003
2.004156566070932e-002	9.011338e+000	6.129476e-003
2.006017247991994e-002	9.010729e+000	1.082935e-002
2.008090960077666e-002	9.010072e+000	2.042923e-002
2.009966708262301e-002	9.009511e+000	3.561013e-002
2.011910294029003e-002	9.008992e+000	6.251290e-002
2.013891565822581e-002	9.008571e+000	1.083364e-001
2.015975596258378e-002	9.008325e+000	1.874306e-001
2.018230822730778e-002	9.008432e+000	3.243517e-001
2.020802195815256e-002	9.009342e+000	5.651776e-001
2.024113065611742e-002	9.012218e+000	1.000644e+000
2.027900180817042e-002	9.018302e+000	1.604412e+000
2.031766776107997e-002	9.027978e+000	2.232774e+000
2.035918048056373e-002	9.042136e+000	2.800326e+000
2.040862279010658e-002	9.062843e+000	3.233375e+000
2.048568743285609e-002	9.098704e+000	3.480021e+000
2.056577644064635e-002	9.136062e+000	3.351490e+000
2.065694756357174e-002	9.174898e+000	2.905755e+000
2.073917330696164e-002	9.203779e+000	2.376931e+000
2.083917330696164e-002	9.229793e+000	1.694816e+000
2.093917330696164e-002	9.246614e+000	1.066584e+000
2.103917330696165e-002	9.255360e+000	5.578992e-001
2.112107831711287e-002	9.257705e+000	2.732653e-001
2.120809268712581e-002	9.257249e+000	9.100582e-002
2.123787131290181e-002	9.256630e+000	5.498818e-002
2.126687711216675e-002	9.255811e+000	3.498556e-002
2.129492435300123e-002	9.254950e+000	2.184247e-002
2.132114971998059e-002	9.254105e+000	1.364201e-002
2.134601810933862e-002	9.253277e+000	8.561891e-003
2.137280926385944e-002	9.252369e+000	5.055645e-003
2.139825807165777e-002	9.251496e+000	2.971599e-003
2.142418213407943e-002	9.250601e+000	1.711383e-003
2.145483236523935e-002	9.249537e+000	8.789086e-004
2.148980477447453e-002	9.248321e+000	4.015583e-004
2.153401820998176e-002	9.246780e+000	1.490513e-004
2.159193374669410e-002	9.244762e+000	4.143014e-005
2.167810631527256e-002	9.241759e+000	6.076195e-006
2.177810631527256e-002	9.238276e+000	2.015820e-007
2.187810631527257e-002	9.234792e+000	-1.791529e-007
2.197810631527257e-002	9.231310e+000	-1.962669e-007
2.227810631527258e-002	9.220874e+000	-2.067159e-007
2.257810631527259e-002	9.210449e+000	-2.117927e-007
2.287810631527260e-002	9.200035e+000	-2.135978e-007
2.317810631527260e-002	9.189634e+000	-2.130625e-007
2.347810631527261e-002	9.179245e+000	-2.107049e-007
2.377810631527262e-002	9.168867e+000	-2.068373e-007
2.407810631527263e-002	9.158501e+000	-2.016652e-007
2.437810631527264e-002	9.148146e+000	-1.953345e-007
2.467810631527265e-002	9.137804e+000	-1.879541e-007
2.497810631527266e-002	9.127472e+000	-1.796152e-007
2.527810631527264e-002	9.117153e+000	-1.703952e-007
2.557810631527260e-002	9.106846e+000	-1.603635e-007
2.587810631527257e-002	9.096549e+000	-1.495860e-007
2.617810631527254e-002	9.086265e+000	-1.381245e-007
2.647810631527250e-002	9.075993e+000	-1.260403e-007
2.677810631527247e-002	9.065731e+000	-1.133949e-007
2.707810631527244e-002	9.055481e+000	-1.002479e-007
2.737810631527241e-002	9.045243e+000	-8.666052e-008
2.767810631527237e-002	9.035017e+000	-7.269318e-008
2.787810631527235e-002	9.028206e+000	-6.320124e-008
2.797810631527234e-002	9.024802e+000	-5.840775e-008
2.807810631527233e-002	9.021400e+000	-5.358584e-008
2.817810631527232e-002	9.018000e+000	-4.873800e-008
2.827810631527231e-002	9.014602e+000	-4.387013e-008
2.831896849596649e-002	9.013216e+000	-4.187762e-008
2.835135916887047e-002	9.012124e+000	-4.030118e-008
2.837080043436213e-002	9.011474e+000	-3.936024e-008
2.838952818182736e-002	9.010858e+000	-3.846417e-008
2.840942870300051e-002	9.010221e+000	-3.752930e-008
2.842797157035160e-002	9.009657e+000	-3.668651e-008
2.844727177128298e-002	9.009122e+000	-3.585865e-008
2.846683571673364e-002	9.008672e+000	-3.510129e-008
2.848736092361762e-002	9.008366e+000	-3.444565e-008
2.850934189379384e-002	9.008351e+000	-3.397441e-008
2.853398424844142e-002	9.008969e+000	-3.382844e-008
2.856430854128839e-002	9.011332e+000	-3.427504e-008
2.861443540231287e-002	9.019085e+000	-3.583722e-008
2.865438134223883e-002	9.029066e+000	-3.715126e-008
2.869689913615556e-002	9.043847e+000	-3.796094e-008
2.874637806230992e-002	9.064830e+000	-3.759058e-008
2.882821257949905e-002	9.103067e+000	-3.461517e-008
2.890879734244400e-002	9.140424e+000	-2.974654e-008
2.900005744204132e-002	9.178664e+000	-2.276936e-008
2.908261661648406e-002	9.206895e+000	-1.588707e-008
2.918261661648405e-002	9.231915e+000	-7.425115e-009
2.928261661648404e-002	9.247819e+000	7.057679e-010
2.938261661648403e-002	9.255819e+000	8.181689e-009
2.946515868811409e-002	9.257760e+000	1.365658e-008
2.955165653469180e-002	9.257051e+000	1.879147e-008
2.957801089968010e-002	9.256461e+000	2.024138e-008
2.960853682866560e-002	9.255574e+000	2.184484e-008
2.963633935153226e-002	9.254706e+000	2.327628e-008
2.966449543446384e-002	9.253787e+000	2.470381e-008
2.969256986805327e-002	9.252845e+000	2.611183e-008
2.971987770266651e-002	9.251913e+000	2.747112e-008
2.975135746326288e-002	9.250829e+000	2.903002e-008
2.978601604349068e-002	9.249627e+000	3.073974e-008
2.982881910729987e-002	9.248137e+000	3.284540e-008
2.988277597079136e-002	9.246258e+000	3.549287e-008
2.995944130838002e-002	9.243587e+000	3.924495e-008
3.005944130838001e-002	9.240102e+000	4.412368e-008
3.015944130838000e-002	9.236618e+000	4.898334e-008
3.025944130837999e-002	9.233135e+000	5.382094e-008
3.045944130837996e-002	9.226175e+000	6.342157e-008
3.075944130837993e-002	9.215744e+000	7.760036e-008
3.105944130837990e-002	9.205325e+000	9.146015e-008
3.135944130837987e-002	9.194918e+000	1.049407e-007
3.165944130837983e-002	9.184522e+000	1.179828e-007
3.195944130837980e-002	9.174138e+000	1.305298e-007
3.225944130837977e-002	9.163766e+000	1.425246e-007
3.255944130837973e-002	9.153406e+000	1.539129e-007
3.285944130837970e-002	9.143057e+000	1.646411e-007
3.315944130837967e-002	9.132721e+000	1.746553e-007
3.345944130837963e-002	9.122395e+000	1.839044e-007
3.375944130837960e-002	9.112082e+000	1.923361e-007
3.405944130837957e-002	9.101779e+000	1.998997e-007
3.435944130837954e-002	9.091489e+000	2.065422e-007
3.465944130837950e-002	9.081210e+000	2.122092e-007
3.495944130837947e-002	9.070943e+000	2.168417e-007
3.525944130837944e-002	9.060688e+000	2.203735e-007
3.555944130837940e-002	9.050444e+000	2.227280e-007
3.585944130837937e-002	9.040212e+000	2.238114e-007
3.615944130837934e-002	9.029991e+000	2.235256e-007
3.625944130837933e-002	9.026587e+000	2.248535e-007
3.635944130837931e-002	9.023184e+000	3.619339e-007
3.645944130837930e-002	9.019782e+000	7.812596e-006
3.655944130837929e-002	9.016384e+000	2.849834e-004
3.665944130837928e-002	9.012993e+000	1.676280e-003
3.668924092375547e-002	9.011990e+000	3.611673e-003
3.671725125363248e-002	9.011060e+000	8.163821e-003
3.673576894623618e-002	9.010461e+000	1.426643e-002
3.675646387552053e-002	9.009819e+000	2.668061e-002
3.677534707505192e-002	9.009279e+000	4.631695e-002
3.679501120915321e-002	9.008797e+000	8.102792e-002
3.681524128018010e-002	9.008443e+000	1.402163e-001
3.683677082374046e-002	9.008331e+000	2.425018e-001
3.686055316521600e-002	9.008730e+000	4.205422e-001
3.688887194312437e-002	9.010406e+000	7.396142e-001
3.693003116847590e-002	9.015434e+000	1.349326e+000
3.696482513136318e-002	9.022679e+000	1.918381e+000
3.700911688400943e-002	9.036067e+000	2.589804e+000
3.705155950210354e-002	9.052479e+000	3.062675e+000
3.711361389790996e-002	9.080411e+000	3.411272e+000
3.719729243832085e-002	9.119934e+000	3.446481e+000
3.727809034700380e-002	9.156303e+000	3.158960e+000
3.736570786383642e-002	9.190492e+000	2.642706e+000
3.745540434199068e-002	9.217961e+000	2.036805e+000
3.755540434199067e-002	9.239281e+000	1.371671e+000
3.765540434199066e-002	9.251965e+000	7.928134e-001
3.774204250201149e-002	9.256819e+000	4.182849e-001
3.783409261654161e-002	9.257749e+000	1.605672e-001
3.788637329511796e-002	9.257035e+000	7.440583e-002
3.791878087327863e-002	9.256217e+000	4.446248e-002
3.794738454960042e-002	9.255375e+000	2.785529e-002
3.797448590393468e-002	9.254520e+000	1.739732e-002
3.800002505057651e-002	9.253683e+000	1.086441e-002
3.802439206950212e-002	9.252865e+000	6.801754e-003
3.805034538600785e-002	9.251980e+000	4.023754e-003
3.807403422014816e-002	9.251164e+000	2.438893e-003
3.810131879783330e-002	9.250219e+000	1.358039e-003
3.813107245817748e-002	9.249187e+000	7.017555e-004
3.816749168306827e-002	9.247919e+000	3.094242e-004
3.821197791991912e-002	9.246369e+000	1.124540e-004
3.827264198350508e-002	9.244255e+000	2.972194e-005
3.836347052740488e-002	9.241090e+000	3.785944e-006
3.846347052740487e-002	9.237605e+000	2.240199e-008
3.856347052740486e-002	9.234123e+000	-1.862861e-007
3.866347052740485e-002	9.230641e+000	-1.972521e-007
3.896347052740481e-002	9.220205e+000	-2.071567e-007
3.926347052740478e-002	9.209782e+000	-2.119889e-007
3.956347052740475e-002	9.199369e+000	-2.136267e-007
3.986347052740472e-002	9.188969e+000	-2.129652e-007
4.016347052740468e-002	9.178579e+000	-2.105057e-007
4.046347052740465e-002	9.168202e+000	-2.065517e-007
4.076347052740462e-002	9.157837e+000	-2.013037e-007
4.106347052740458e-002	9.147484e+000	-1.949040e-007
4.136347052740455e-002	9.137141e+000	-1.874616e-007
4.166347052740452e-002	9.126811e+000	-1.790659e-007
4.196347052740448e-002	9.116492e+000	-1.697936e-007
4.226347052740445e-002	9.106185e+000	-1.597132e-007
4.256347052740442e-002	9.095890e+000	-1.488909e-007
4.286347052740439e-002	9.085607e+000	-1.373887e-007
4.316347052740435e-002	9.075335e+000	-1.252681e-007
4.346347052740432e-002	9.065074e+000	-1.125893e-007
4.376347052740429e-002	9.054825e+000	-9.941346e-008
4.406347052740425e-002	9.044588e+000	-8.580037e-008
4.436347052740422e-002	9.034363e+000	-7.181166e-008
4.456347052740420e-002	9.027552e+000	-6.230744e-008
4.466347052740419e-002	9.024149e+000	-5.750849e-008
4.476347052740418e-002	9.020746e+000	-5.268134e-008
4.486347052740417e-002	9.017346e+000	-4.782896e-008
4.496347052740415e-002	9.013955e+000	-4.296055e-008
4.503300052863160e-002	9.011615e+000	-3.958057e-008
4.505795497329851e-002	9.010792e+000	-3.838267e-008
4.508041666050591e-002	9.010077e+000	-3.733134e-008
4.509950367778662e-002	9.009506e+000	-3.647301e-008
4.511935849586812e-002	9.008976e+000	-3.563966e-008
4.513916497651646e-002	9.008556e+000	-3.490406e-008
4.516008122599727e-002	9.008312e+000	-3.428868e-008
4.518266326637604e-002	9.008429e+000	-3.389162e-008
4.520844577301986e-002	9.009356e+000	-3.387859e-008
4.524174695583480e-002	9.012279e+000	-3.450975e-008
4.527938494226058e-002	9.018368e+000	-3.575358e-008
4.531811125229746e-002	9.028103e+000	-3.707922e-008
4.535961007588471e-002	9.042295e+000	-3.792890e-008
4.540925060386361e-002	9.063122e+000	-3.766979e-008
4.548686319172743e-002	9.099259e+000	-3.502991e-008
4.556695309113013e-002	9.136593e+000	-3.033126e-008
4.565809257289458e-002	9.175344e+000	-2.346669e-008
4.574038424585203e-002	9.204158e+000	-1.664083e-008
4.584038424585202e-002	9.230052e+000	-8.170446e-009
4.594038424585201e-002	9.246762e+000	5.684342e-012
4.604038424585200e-002	9.255419e+000	7.556948e-009
4.612232331933175e-002	9.257713e+000	1.306229e-008
4.620924966314233e-002	9.257230e+000	1.828632e-008
4.623811352564355e-002	9.256623e+000	1.988932e-008
4.627000076204343e-002	9.255717e+000	2.157401e-008
4.629816555768590e-002	9.254848e+000	2.302836e-008
4.633015973054011e-002	9.253807e+000	2.465234e-008
4.635902984550858e-002	9.252840e+000	2.610123e-008
4.638705462282217e-002	9.251884e+000	2.749654e-008
4.641951518238546e-002	9.250765e+000	2.910355e-008
4.645575395088744e-002	9.249508e+000	3.089078e-008
4.650084057434339e-002	9.247939e+000	3.310799e-008
4.655854486577588e-002	9.245929e+000	3.593887e-008
4.664222347645827e-002	9.243012e+000	4.003262e-008
4.674222347645826e-002	9.239529e+000	4.490857e-008
4.684222347645825e-002	9.236045e+000	4.976482e-008
4.694222347645824e-002	9.232563e+000	5.459856e-008
4.714222347645822e-002	9.225603e+000	6.419032e-008
4.744222347645818e-002	9.215172e+000	7.835342e-008
4.774222347645815e-002	9.204754e+000	9.219480e-008
4.804222347645812e-002	9.194347e+000	1.056530e-007
4.834222347645809e-002	9.183952e+000	1.186700e-007
4.864222347645805e-002	9.173569e+000	1.311889e-007
4.894222347645802e-002	9.163198e+000	1.431526e-007
4.924222347645799e-002	9.152838e+000	1.545066e-007
4.954222347645795e-002	9.142490e+000	1.651974e-007
4.984222347645792e-002	9.132154e+000	1.751721e-007
5.014222347645789e-002	9.121828e+000	1.843782e-007
5.044222347645785e-002	9.111516e+000	1.927649e-007
5.074222347645782e-002	9.101214e+000	2.002807e-007
5.104222347645779e-002	9.090924e+000	2.068725e-007
5.134222347645776e-002	9.080647e+000	2.124850e-007
5.164222347645772e-002	9.070380e+000	2.170607e-007
5.194222347645769e-002	9.060125e+000	2.205309e-007
5.224222347645766e-002	9.049883e+000	2.228198e-007
5.254222347645762e-002	9.039650e+000	2.238319e-007
5.284222347645759e-002	9.029430e+000	2.234872e-007
5.294222347645758e-002	9.026026e+000	2.266700e-007
5.304222347645757e-002	9.022623e+000	4.947442e-007
5.314222347645756e-002	9.019222e+000	1.418855e-005
5.324222347645755e-002	9.015826e+000	4.933874e-004
5.334222347645753e-002	9.012446e+000	3.690940e-003
5.338658872609642e-002	9.010969e+000	9.564425e-003
5.340861089537924e-002	9.010260e+000	1.731786e-002
5.342776101292049e-002	9.009677e+000	3.072611e-002
5.344847767243671e-002	9.009105e+000	5.597236e-002
5.346780879131888e-002	9.008665e+000	9.595627e-002
5.348865916141715e-002	9.008367e+000	1.673439e-001
5.351069321560761e-002	9.008377e+000	2.887718e-001
5.353558645843201e-002	9.009053e+000	5.024629e-001
5.356642696403752e-002	9.011463e+000	8.881211e-001
5.361138978855884e-002	9.018309e+000	1.591484e+000
5.365039397469343e-002	9.027846e+000	2.221781e+000
5.369255157879116e-002	9.042170e+000	2.800318e+000
5.374102013823279e-002	9.062427e+000	3.228178e+000
5.381771263117144e-002	9.098094e+000	3.478696e+000
5.389796601944374e-002	9.135676e+000	3.360009e+000
5.398005974632636e-002	9.170943e+000	2.967898e+000
5.406643035435668e-002	9.201800e+000	2.416474e+000
5.416499075337383e-002	9.228195e+000	1.744776e+000
5.426499075337382e-002	9.245667e+000	1.110029e+000
5.436499075337381e-002	9.254979e+000	5.896035e-001
5.444672325838906e-002	9.257637e+000	2.944026e-001
5.453432811938649e-002	9.257368e+000	1.012147e-001
5.456822682733251e-002	9.256701e+000	5.776164e-002
5.459641648449054e-002	9.255918e+000	3.713191e-002
5.462449364658312e-002	9.255063e+000	2.331018e-002
5.465096180370721e-002	9.254214e+000	1.455709e-002
5.467598079176070e-002	9.253386e+000	9.093788e-003
5.470003783129257e-002	9.252572e+000	5.677586e-003
5.472545963409220e-002	9.251702e+000	3.365798e-003
5.474900016806145e-002	9.250891e+000	2.021761e-003
5.477360319141308e-002	9.250038e+000	1.172838e-003
5.480008406750792e-002	9.249118e+000	6.453365e-004
5.483227947050218e-002	9.247997e+000	3.087818e-004
5.487062855553090e-002	9.246661e+000	1.262553e-004
5.492120570087647e-002	9.244899e+000	3.973651e-005
5.499248329113002e-002	9.242414e+000	7.922947e-006
5.509248329113001e-002	9.238930e+000	5.294368e-007
5.519248329113000e-002	9.235447e+000	-1.660364e-007
5.529248329112999e-002	9.231965e+000	-1.950783e-007
5.559248329112995e-002	9.221527e+000	-2.062508e-007
5.589248329112992e-002	9.211102e+000	-2.115820e-007
5.619248329112989e-002	9.200687e+000	-2.135602e-007
5.649248329112985e-002	9.190286e+000	-2.131545e-007
5.679248329112982e-002	9.179895e+000	-2.109011e-007
5.709248329112979e-002	9.169517e+000	-2.071222e-007
5.739248329112975e-002	9.159150e+000	-2.020280e-007
5.769248329112972e-002	9.148794e+000	-1.957662e-007
5.799248329112969e-002	9.138452e+000	-1.884497e-007
5.829248329112965e-002	9.128119e+000	-1.801692e-007
5.859248329112962e-002	9.117800e+000	-1.710025e-007
5.889248329112959e-002	9.107491e+000	-1.610201e-007
5.919248329112956e-002	9.097195e+000	-1.502876e-007
5.949248329112952e-002	9.086909e+000	-1.388673e-007
5.979248329112949e-002	9.076635e+000	-1.268212e-007
6.009248329112946e-002	9.066374e+000	-1.142092e-007
6.039248329112942e-002	9.056124e+000	-1.010924e-007
6.069248329112939e-002	9.045885e+000	-8.753091e-008
6.099248329112936e-002	9.035658e+000	-7.358608e-008
6.119248329112934e-002	9.028847e+000	-6.410653e-008
6.129248329112932e-002	9.025442e+000	-5.931884e-008
6.139248329112931e-002	9.022039e+000	-5.450215e-008
6.149248329112930e-002	9.018639e+000	-4.965887e-008
6.159248329112929e-002	9.015245e+000	-4.479546e-008
6.169248329112928e-002	9.011881e+000	-3.993676e-008
6.173843981569896e-002	9.010376e+000	-3.773843e-008
6.176069621580507e-002	9.009689e+000	-3.671583e-008
6.178044770898117e-002	9.009141e+000	-3.586742e-008
6.180161286373184e-002	9.008657e+000	-3.505154e-008
6.182189823499987e-002	9.008368e+000	-3.441273e-008
6.184427266490000e-002	9.008381e+000	-3.395169e-008
6.186907152980387e-002	9.009061e+000	-3.383434e-008
6.190004915936972e-002	9.011489e+000	-3.431314e-008
6.194470706720637e-002	9.018298e+000	-3.571726e-008
6.198370852494081e-002	9.027840e+000	-3.703757e-008
6.202584103141504e-002	9.042152e+000	-3.792177e-008
6.207431253059020e-002	9.062408e+000	-3.770286e-008
6.215103743615655e-002	9.098089e+000	-3.514643e-008
6.223126805851809e-002	9.135662e+000	-3.051320e-008
6.231338315189344e-002	9.170938e+000	-2.438883e-008
6.239975971890160e-002	9.201799e+000	-1.724902e-008
6.249827604573513e-002	9.228185e+000	-8.905270e-009
6.259827604573512e-002	9.245661e+000	-6.888285e-010
6.269827604573511e-002	9.254976e+000	6.933708e-009
6.277995504772624e-002	9.257637e+000	1.248904e-008
6.286754263522135e-002	9.257368e+000	1.781052e-008
6.290195384810851e-002	9.256681e+000	1.973298e-008
6.293889796651161e-002	9.255640e+000	2.168739e-008
6.297068492386915e-002	9.254654e+000	2.332643e-008
6.300275335557506e-002	9.253605e+000	2.495019e-008
6.303778598760670e-002	9.252423e+000	2.670322e-008
6.307436163555258e-002	9.251168e+000	2.851865e-008
6.311811877628815e-002	9.249653e+000	3.067859e-008
6.317132480270599e-002	9.247803e+000	3.329508e-008
6.324418551029112e-002	9.245265e+000	3.686753e-008
6.334418551029111e-002	9.241779e+000	4.175513e-008
6.344418551029110e-002	9.238296e+000	4.662456e-008
6.354418551029109e-002	9.234813e+000	5.147319e-008
6.364418551029108e-002	9.231331e+000	5.629886e-008
6.394418551029105e-002	9.220894e+000	7.061385e-008
6.424418551029101e-002	9.210469e+000	8.463928e-008
6.454418551029098e-002	9.200056e+000	9.831490e-008
6.484418551029095e-002	9.189654e+000	1.115814e-007
6.514418551029091e-002	9.179265e+000	1.243808e-007
6.544418551029088e-002	9.168887e+000	1.366562e-007
6.574418551029085e-002	9.158522e+000	1.483519e-007
6.604418551029082e-002	9.148167e+000	1.594135e-007
6.634418551029078e-002	9.137823e+000	1.697879e-007
6.664418551029075e-002	9.127493e+000	1.794223e-007
6.694418551029072e-002	9.117173e+000	1.882652e-007
6.724418551029068e-002	9.106865e+000	1.962654e-007
6.754418551029065e-002	9.096569e+000	2.033709e-007
6.784418551029062e-002	9.086285e+000	2.095283e-007
6.814418551029058e-002	9.076013e+000	2.146810e-007
6.844418551029055e-002	9.065751e+000	2.187668e-007
6.874418551029052e-002	9.055502e+000	2.217149e-007
6.904418551029048e-002	9.045263e+000	2.234408e-007
6.934418551029045e-002	9.035037e+000	2.238409e-007
6.954418551029043e-002	9.028226e+000	2.234976e-007
6.964418551029042e-002	9.024822e+000	2.403079e-007
6.974418551029041e-002	9.021420e+000	1.362637e-006
6.984418551029040e-002	9.018020e+000	5.152000e-005
6.994418551029039e-002	9.014622e+000	4.530819e-004
6.999178294259378e-002	9.013010e+000	1.528706e-003
7.002635044528099e-002	9.011846e+000	3.857724e-003
7.004580866042864e-002	9.011199e+000	6.835442e-003
7.006449492461364e-002	9.010591e+000	1.233793e-002
7.008438868836808e-002	9.009965e+000	2.261186e-002
7.010299058167338e-002	9.009418e+000	3.923268e-002
7.012248799955420e-002	9.008911e+000	6.877809e-002
7.014238379533988e-002	9.008513e+000	1.189517e-001
7.016346879103813e-002	9.008311e+000	2.058498e-001
7.018641256216429e-002	9.008512e+000	3.563288e-001
7.021297989186456e-002	9.009653e+000	6.228637e-001
7.024828781868026e-002	9.013095e+000	1.108412e+000
7.032349886855890e-002	9.029745e+000	2.321810e+000
7.036503505723366e-002	9.044400e+000	2.866327e+000
7.041717708318046e-002	9.066704e+000	3.278612e+000
7.050191735054978e-002	9.106378e+000	3.475528e+000
7.058243637928011e-002	9.143532e+000	3.290700e+000
7.067347416118985e-002	9.181211e+000	2.806176e+000
7.075652347664385e-002	9.209055e+000	2.258958e+000
7.085652347664384e-002	9.233373e+000	1.579938e+000
7.095652347664383e-002	9.248630e+000	9.688898e-001
7.105652347664382e-002	9.256106e+000	4.891027e-001
7.113995819798918e-002	9.257768e+000	2.265545e-001
7.122640756900461e-002	9.256850e+000	7.156768e-002
7.125855168453457e-002	9.256081e+000	4.005812e-002
7.128568761385293e-002	9.255268e+000	2.551994e-002
7.131246807010316e-002	9.254416e+000	1.597818e-002
7.133778496689064e-002	9.253580e+000	9.974866e-003
7.136198760368945e-002	9.252765e+000	6.238058e-003
7.138768286362518e-002	9.251887e+000	3.694328e-003
7.141129416018813e-002	9.251074e+000	2.232570e-003
7.143782980544794e-002	9.250155e+000	1.255425e-003
7.146672142624608e-002	9.249152e+000	6.584125e-004
7.150205751079411e-002	9.247922e+000	2.958663e-004
7.154501776643427e-002	9.246425e+000	1.104502e-004
7.160318346907366e-002	9.244397e+000	3.037738e-005
7.168913103996574e-002	9.241402e+000	4.304223e-006
7.178913103996573e-002	9.237918e+000	8.314305e-008
7.188913103996572e-002	9.234436e+000	-1.838475e-007
7.198913103996571e-002	9.230954e+000	-1.968617e-007
7.228913103996568e-002	9.220518e+000	-2.069762e-007
7.258913103996564e-002	9.210093e+000	-2.119082e-007
7.288913103996561e-002	9.199680e+000	-2.136146e-007
7.318913103996558e-002	9.189280e+000	-2.130050e-007
7.348913103996554e-002	9.178890e+000	-2.105871e-007
7.378913103996551e-002	9.168512e+000	-2.066688e-007
7.408913103996548e-002	9.158147e+000	-2.014522e-007
7.438913103996545e-002	9.147793e+000	-1.950805e-007
7.468913103996541e-002	9.137451e+000	-1.876638e-007
7.498913103996538e-002	9.127120e+000	-1.792919e-007
7.528913103996535e-002	9.116800e+000	-1.700403e-007
7.558913103996531e-002	9.106493e+000	-1.599801e-007
7.588913103996528e-002	9.096198e+000	-1.491762e-007
7.618913103996525e-002	9.085914e+000	-1.376907e-007
7.648913103996521e-002	9.075642e+000	-1.255853e-007
7.678913103996518e-002	9.065381e+000	-1.129197e-007
7.708913103996515e-002	9.055132e+000	-9.975611e-008
7.738913103996511e-002	9.044894e+000	-8.615325e-008
7.768913103996508e-002	9.034668e+000	-7.217363e-008
7.788913103996506e-002	9.027857e+000	-6.267419e-008
7.798913103996505e-002	9.024454e+000	-5.787751e-008
7.808913103996504e-002	9.021051e+000	-5.305264e-008
7.818913103996503e-002	9.017652e+000	-4.820231e-008
7.828913103996502e-002	9.014269e+000	-4.333947e-008
7.838913103996500e-002	9.010958e+000	-3.851648e-008
7.843360564118160e-002	9.009579e+000	-3.645714e-008
7.845653640210787e-002	9.008968e+000	-3.549284e-008
7.847778256499727e-002	9.008555e+000	-3.473407e-008
7.850010634346491e-002	9.008378e+000	-3.413824e-008
7.852322326120706e-002	9.008661e+000	-3.383333e-008
7.855071345427339e-002	9.010038e+000	-3.398667e-008
7.858827430106646e-002	9.014082e+000	-3.489886e-008
7.862266021651954e-002	9.020522e+000	-3.609862e-008
7.866300730947301e-002	9.031747e+000	-3.738897e-008
7.870491837183338e-002	9.047036e+000	-3.799435e-008
7.876014709580884e-002	9.071121e+000	-3.720733e-008
7.885595566387305e-002	9.116057e+000	-3.305114e-008
7.893951241076372e-002	9.153853e+000	-2.753915e-008
7.902990139161120e-002	9.189601e+000	-2.032621e-008
7.921466744484271e-002	9.237987e+000	-4.766889e-009
7.931466744484270e-002	9.251284e+000	3.204313e-009
7.940274340574427e-002	9.256598e+000	9.568705e-009
7.949573350982597e-002	9.257747e+000	1.554457e-008
7.955378057822005e-002	9.256981e+000	1.890802e-008
7.959652385747051e-002	9.255885e+000	2.121159e-008
7.963063182749813e-002	9.254851e+000	2.298175e-008
7.966524080613507e-002	9.253728e+000	2.473901e-008
7.970289525917365e-002	9.252461e+000	2.662505e-008
7.974257312943181e-002	9.251101e+000	2.859450e-008
7.979043379846487e-002	9.249443e+000	3.095633e-008
7.985000053532704e-002	9.247371e+000	3.388441e-008
7.993407858703130e-002	9.244441e+000	3.800449e-008
8.003407858703129e-002	9.240956e+000	4.288813e-008
8.013407858703128e-002	9.237473e+000	4.775279e-008
8.023407858703127e-002	9.233990e+000	5.259631e-008
8.033407858703126e-002	9.230509e+000	5.741617e-008
8.063407858703123e-002	9.220073e+000	7.171116e-008
8.093407858703119e-002	9.209649e+000	8.571124e-008
8.123407858703116e-002	9.199237e+000	9.935752e-008
8.153407858703113e-002	9.188836e+000	1.125898e-007
8.183407858703110e-002	9.178448e+000	1.253507e-007
8.213407858703106e-002	9.168070e+000	1.375831e-007
8.243407858703103e-002	9.157705e+000	1.492317e-007
8.273407858703100e-002	9.147352e+000	1.602421e-007
8.293407858703097e-002	9.140455e+000	1.672013e-007
8.323407858703094e-002	9.130121e+000	1.770300e-007
8.343407858703092e-002	9.123240e+000	1.831536e-007
8.373407858703089e-002	9.112925e+000	1.916565e-007
8.403407858703085e-002	9.102621e+000	1.992955e-007
8.433407858703082e-002	9.092331e+000	2.060183e-007
8.463407858703079e-002	9.082050e+000	2.117697e-007
8.493407858703075e-002	9.071783e+000	2.164925e-007
8.523407858703072e-002	9.061526e+000	2.201202e-007
8.553407858703069e-002	9.051281e+000	2.225777e-007
8.583407858703065e-002	9.041048e+000	2.237728e-007
8.613407858703062e-002	9.030827e+000	2.235984e-007
8.623407858703061e-002	9.027422e+000	2.237612e-007
8.633407858703060e-002	9.024019e+000	2.704082e-007
8.643407858703059e-002	9.020617e+000	3.076886e-006
8.653407858703058e-002	9.017217e+000	1.179821e-004
8.663407858703057e-002	9.013822e+000	8.274131e-004
8.667205682123308e-002	9.012537e+000	2.216390e-003
8.670356990073805e-002	9.011481e+000	5.353128e-003
8.672242718556039e-002	9.010859e+000	9.347475e-003
8.674114115435858e-002	9.010260e+000	1.675767e-002
8.676072658769324e-002	9.009662e+000	3.019463e-002
8.677954863625692e-002	9.009137e+000	5.229997e-002
8.679928780005411e-002	9.008677e+000	9.125849e-002
8.681969201687656e-002	9.008364e+000	1.576680e-001
8.684161158378029e-002	9.008330e+000	2.728265e-001
8.686607691884363e-002	9.008906e+000	4.737224e-001
8.689601745295575e-002	9.011125e+000	8.386582e-001
8.694406867586940e-002	9.018243e+000	1.582726e+000
8.698304796394335e-002	9.027656e+000	2.210914e+000
8.702566739680082e-002	9.042088e+000	2.797893e+000
8.707355753439219e-002	9.062063e+000	3.223931e+000
8.714983202993640e-002	9.097518e+000	3.478016e+000
8.723014022893438e-002	9.135148e+000	3.363877e+000
8.731216839269021e-002	9.170454e+000	2.974967e+000
8.739854369948277e-002	9.201417e+000	2.424687e+000
8.749677924262617e-002	9.227859e+000	1.755146e+000
8.759677924262616e-002	9.245465e+000	1.119077e+000
8.769677924262614e-002	9.254895e+000	5.962542e-001
8.777846357049018e-002	9.257620e+000	2.989205e-001
8.786619716055635e-002	9.257403e+000	1.026035e-001
8.789832566636657e-002	9.256778e+000	6.101782e-002
8.793398246947504e-002	9.255786e+000	3.525238e-002
8.796370807416015e-002	9.254875e+000	2.132116e-002
8.799525076379391e-002	9.253851e+000	1.223146e-002
8.802785831648505e-002	9.252758e+000	6.597399e-003
8.806072812608681e-002	9.251636e+000	3.436070e-003
8.809925735090315e-002	9.250304e+000	1.566963e-003
8.814414576188656e-002	9.248746e+000	6.100389e-004
8.820266046219374e-002	9.246708e+000	1.808711e-004
8.828453028640737e-002	9.243855e+000	3.175035e-005
8.838453028640736e-002	9.240370e+000	2.400870e-006
8.848453028640735e-002	9.236887e+000	-8.520146e-008
8.858453028640734e-002	9.233404e+000	-1.907811e-007
8.868453028640733e-002	9.229923e+000	-1.982335e-007
8.898453028640729e-002	9.219488e+000	-2.076295e-007
8.928453028640726e-002	9.209064e+000	-2.121942e-007
8.958453028640723e-002	9.198653e+000	-2.136485e-007
8.988453028640719e-002	9.188253e+000	-2.128463e-007
9.018453028640716e-002	9.177865e+000	-2.102743e-007
9.048453028640713e-002	9.167489e+000	-2.062234e-007
9.078453028640710e-002	9.157125e+000	-2.008910e-007
9.108453028640706e-002	9.146771e+000	-1.944145e-007
9.138453028640703e-002	9.136430e+000	-1.869030e-007
9.168453028640700e-002	9.126101e+000	-1.784420e-007
9.198453028640696e-002	9.115783e+000	-1.691105e-007
9.228453028640693e-002	9.105476e+000	-1.589769e-007
9.258453028640690e-002	9.095182e+000	-1.481058e-007
9.288453028640686e-002	9.084900e+000	-1.365579e-007
9.318453028640683e-002	9.074629e+000	-1.243961e-007
9.348453028640680e-002	9.064369e+000	-1.116805e-007
9.378453028640676e-002	9.054121e+000	-9.847099e-008
9.408453028640673e-002	9.043884e+000	-8.483039e-008
9.438453028640670e-002	9.033659e+000	-7.081871e-008
9.458453028640668e-002	9.026850e+000	-6.129994e-008
9.468453028640667e-002	9.023446e+000	-5.649417e-008
9.478453028640665e-002	9.020044e+000	-5.166112e-008
9.488453028640664e-002	9.016645e+000	-4.680351e-008
9.498453028640663e-002	9.013267e+000	-4.193930e-008
9.506145125975810e-002	9.010715e+000	-3.822691e-008
9.508767007852079e-002	9.009890e+000	-3.700609e-008
9.511184587343130e-002	9.009201e+000	-3.594983e-008
9.513207703163906e-002	9.008722e+000	-3.515412e-008
9.515314236488867e-002	9.008396e+000	-3.447073e-008
9.517509984058331e-002	9.008363e+000	-3.398778e-008
9.519961715749561e-002	9.008945e+000	-3.382464e-008
9.522961293698282e-002	9.011182e+000	-3.423870e-008
9.527786431231713e-002	9.018368e+000	-3.571907e-008
9.531697243742324e-002	9.027851e+000	-3.703024e-008
9.535957680985413e-002	9.042322e+000	-3.792292e-008
9.540763577474806e-002	9.062407e+000	-3.770316e-008
9.548459813770308e-002	9.098205e+000	-3.513278e-008
9.556489713059729e-002	9.135799e+000	-3.049201e-008
9.564701040319876e-002	9.171058e+000	-2.436501e-008
9.573340345184866e-002	9.201900e+000	-1.722287e-008
9.583190950633616e-002	9.228252e+000	-8.880022e-009
9.593190950633615e-002	9.245700e+000	-6.648406e-010
9.603190950633614e-002	9.254993e+000	6.955261e-009
9.611354128529925e-002	9.257641e+000	1.250558e-008
9.620107978149595e-002	9.257323e+000	1.780882e-008
9.624470728623033e-002	9.256415e+000	2.023029e-008
9.628741685813178e-002	9.255173e+000	2.246829e-008
9.633004586779978e-002	9.253808e+000	2.464244e-008
9.636988855621972e-002	9.252473e+000	2.664082e-008
9.641572374960650e-002	9.250900e+000	2.891537e-008
9.646974900687297e-002	9.249027e+000	3.157857e-008
9.654189311544337e-002	9.246516e+000	3.512082e-008
9.664189311544336e-002	9.243032e+000	4.001504e-008
9.674189311544335e-002	9.239547e+000	4.489266e-008
9.684189311544333e-002	9.236063e+000	4.974936e-008
9.694189311544332e-002	9.232581e+000	5.458242e-008
9.714189311544330e-002	9.225621e+000	6.417395e-008
9.744189311544327e-002	9.215191e+000	7.833842e-008
9.774189311544324e-002	9.204773e+000	9.218002e-008
9.804189311544320e-002	9.194366e+000	1.056378e-007
9.834189311544317e-002	9.183971e+000	1.186563e-007
9.864189311544314e-002	9.173588e+000	1.311755e-007
9.894189311544310e-002	9.163216e+000	1.431399e-007
9.924189311544307e-002	9.152857e+000	1.544959e-007
9.954189311544304e-002	9.142508e+000	1.651870e-007
9.984189311544300e-002	9.132172e+000	1.751614e-007
1.001418931154430e-001	9.121847e+000	1.843682e-007
1.004418931154429e-001	9.111534e+000	1.927556e-007
1.007418931154429e-001	9.101233e+000	2.002726e-007
1.010418931154429e-001	9.090943e+000	2.068655e-007
1.013418931154428e-001	9.080666e+000	2.124798e-007
1.016418931154428e-001	9.070398e+000	2.170564e-007
1.019418931154428e-001	9.060144e+000	2.205288e-007
1.022418931154427e-001	9.049900e+000	2.228180e-007
1.025418931154427e-001	9.039669e+000	2.238321e-007
1.028418931154427e-001	9.029449e+000	2.234874e-007
1.029418931154427e-001	9.026045e+000	2.266161e-007
1.030418931154427e-001	9.022642e+000	4.910098e-007
1.031418931154426e-001	9.019241e+000	1.401364e-005
1.032418931154426e-001	9.015844e+000	4.878243e-004
1.033418931154426e-001	9.012469e+000	4.413158e-003
1.033961869820286e-001	9.010673e+000	1.330402e-002
1.034190873957474e-001	9.009949e+000	2.401838e-002
1.034396588279737e-001	9.009352e+000	4.379360e-002
1.034608075567789e-001	9.008823e+000	7.935168e-002
1.034807690133133e-001	9.008465e+000	1.360958e-001
1.035025197902929e-001	9.008336e+000	2.371842e-001
1.035260817294948e-001	9.008700e+000	4.101256e-001
1.035541691399847e-001	9.010287e+000	7.213876e-001
1.035941880048775e-001	9.014980e+000	1.307715e+000
1.036278853681512e-001	9.021788e+000	1.858623e+000
1.036729337210398e-001	9.035089e+000	2.551264e+000
1.037143721952124e-001	9.050855e+000	3.028658e+000
1.037747018062336e-001	9.077811e+000	3.390285e+000
1.038600875201663e-001	9.118103e+000	3.451506e+000
1.039408662824359e-001	9.154608e+000	3.178477e+000
1.040291583949336e-001	9.189361e+000	2.663892e+000
1.042173810229159e-001	9.238480e+000	1.401498e+000
1.043173810229159e-001	9.251549e+000	8.170353e-001
1.044048301097730e-001	9.256687e+000	4.326386e-001
1.044974167346193e-001	9.257748e+000	1.687369e-001
1.045546765740072e-001	9.256969e+000	7.502061e-002
1.045980724719760e-001	9.255847e+000	3.768998e-002
1.046331688821399e-001	9.254779e+000	2.073338e-002
1.046687081355526e-001	9.253621e+000	1.106296e-002
1.047075513828518e-001	9.252312e+000	5.330590e-003
1.047490495889047e-001	9.250886e+000	2.344041e-003
1.047996461804224e-001	9.249132e+000	8.472891e-004
1.048639221396214e-001	9.246895e+000	2.314319e-004
1.049570774906702e-001	9.243649e+000	3.336005e-005
1.050570774906702e-001	9.240164e+000	1.976694e-006
1.051570774906702e-001	9.236681e+000	-1.042799e-007
1.052570774906702e-001	9.233198e+000	-1.916469e-007
1.053570774906701e-001	9.229717e+000	-1.984918e-007
1.056570774906701e-001	9.219282e+000	-2.077559e-007
1.059570774906701e-001	9.208859e+000	-2.122497e-007
1.062570774906700e-001	9.198448e+000	-2.136503e-007
1.065570774906700e-001	9.188048e+000	-2.128127e-007
1.068570774906700e-001	9.177660e+000	-2.102079e-007
1.071570774906699e-001	9.167284e+000	-2.061306e-007
1.074570774906699e-001	9.156920e+000	-2.007737e-007
1.077570774906699e-001	9.146567e+000	-1.942763e-007
1.080570774906698e-001	9.136227e+000	-1.867447e-007
1.083570774906698e-001	9.125897e+000	-1.782691e-007
1.086570774906698e-001	9.115580e+000	-1.689195e-007
1.089570774906697e-001	9.105274e+000	-1.587696e-007
1.092570774906697e-001	9.094980e+000	-1.478847e-007
1.095570774906697e-001	9.084698e+000	-1.363242e-007
1.098570774906696e-001	9.074427e+000	-1.241515e-007
1.101570774906696e-001	9.064167e+000	-1.114258e-007
1.104570774906696e-001	9.053919e+000	-9.820724e-008
1.107570774906695e-001	9.043682e+000	-8.455936e-008
1.110570774906695e-001	9.033458e+000	-7.053859e-008
1.112570774906695e-001	9.026648e+000	-6.101709e-008
1.113570774906695e-001	9.023245e+000	-5.621041e-008
1.114570774906695e-001	9.019843e+000	-5.137645e-008
1.115570774906695e-001	9.016445e+000	-4.651884e-008
1.116570774906694e-001	9.013067e+000	-4.165428e-008
1.117288929075666e-001	9.010708e+000	-3.820852e-008
1.117708732108887e-001	9.009426e+000	-3.628348e-008
1.117925259461783e-001	9.008866e+000	-3.538841e-008
1.118139861586425e-001	9.008475e+000	-3.464410e-008
1.118362176574519e-001	9.008343e+000	-3.408412e-008
1.118597460402389e-001	9.008716e+000	-3.382379e-008
1.118879967509535e-001	9.010335e+000	-3.405790e-008
1.119282470397283e-001	9.015114e+000	-3.512912e-008
1.119622759214683e-001	9.022050e+000	-3.631806e-008
1.120070936138246e-001	9.035374e+000	-3.763247e-008
1.120488017783103e-001	9.051318e+000	-3.800360e-008
1.121096667268338e-001	9.078571e+000	-3.679963e-008
1.121943690523669e-001	9.118555e+000	-3.282737e-008
1.122751336631688e-001	9.155020e+000	-2.735925e-008
1.123632266689778e-001	9.189621e+000	-2.031523e-008
1.125518348986923e-001	9.238673e+000	-4.448339e-009
1.126518348986923e-001	9.251651e+000	3.497985e-009
1.127390281345106e-001	9.256719e+000	9.772604e-009
1.128314451690183e-001	9.257686e+000	1.566857e-008
1.128989991917644e-001	9.256683e+000	1.954249e-008
1.129482120279084e-001	9.255354e+000	2.216320e-008
1.129914204677656e-001	9.253989e+000	2.437575e-008
1.130347430994708e-001	9.252541e+000	2.654953e-008
1.130847403796060e-001	9.250826e+000	2.903060e-008
1.131445725075445e-001	9.248752e+000	3.197965e-008
1.132259271793076e-001	9.245919e+000	3.597318e-008
1.133259271793076e-001	9.242435e+000	4.086360e-008
1.134259271793076e-001	9.238951e+000	4.573576e-008
1.135259271793076e-001	9.235468e+000	5.058882e-008
1.136259271793076e-001	9.231985e+000	5.542006e-008
1.139259271793075e-001	9.221548e+000	6.975097e-008
1.142259271793075e-001	9.211123e+000	8.379538e-008
1.145259271793075e-001	9.200708e+000	9.749328e-008
1.148259271793074e-001	9.190306e+000	1.107874e-007
1.151259271793074e-001	9.179916e+000	1.236158e-007
1.154259271793074e-001	9.169538e+000	1.359258e-007
1.157259271793073e-001	9.159170e+000	1.476574e-007
1.160259271793073e-001	9.148815e+000	1.587587e-007
1.163259271793073e-001	9.138472e+000	1.691769e-007
1.166259271793072e-001	9.128139e+000	1.788567e-007
1.169259271793072e-001	9.117820e+000	1.877515e-007
1.172259271793072e-001	9.107512e+000	1.958024e-007
1.175259271793071e-001	9.097215e+000	2.029647e-007
1.178259271793071e-001	9.086929e+000	2.091820e-007
1.181259271793071e-001	9.076656e+000	2.143961e-007
1.184259271793070e-001	9.066394e+000	2.185488e-007
1.187259271793070e-001	9.056144e+000	2.215693e-007
1.190259271793070e-001	9.045905e+000	2.233719e-007
1.193259271793069e-001	9.035678e+000	2.238548e-007
1.195259271793069e-001	9.028866e+000	2.234647e-007
1.196259271793069e-001	9.025462e+000	2.307479e-007
1.197259271793069e-001	9.022059e+000	7.688423e-007
1.198259271793069e-001	9.018659e+000	2.653246e-005
1.199259271793069e-001	9.015265e+000	8.713424e-004
1.200259271793069e-001	9.011909e+000	7.648326e-003
1.200804412350170e-001	9.010140e+000	2.277344e-002
1.201036531710268e-001	9.009447e+000	4.088641e-002
1.201248881591565e-001	9.008904e+000	7.438501e-002
1.201465610289261e-001	9.008498e+000	1.333146e-001
1.201677173422204e-001	9.008352e+000	2.286001e-001
1.201914559250890e-001	9.008682e+000	3.985788e-001
1.202190227232897e-001	9.010150e+000	6.974427e-001
1.202579587754366e-001	9.014528e+000	1.260386e+000
1.202918619121752e-001	9.021173e+000	1.813660e+000
1.203370856527179e-001	9.034243e+000	2.516365e+000
1.203779759265737e-001	9.049588e+000	3.000077e+000
1.204366762559136e-001	9.075640e+000	3.370062e+000
1.205242039120043e-001	9.116890e+000	3.453055e+000
1.206051293314912e-001	9.153542e+000	3.190470e+000
1.206940691528421e-001	9.188735e+000	2.675611e+000
1.208811535412791e-001	9.237972e+000	1.420056e+000
1.209811535412791e-001	9.251280e+000	8.322508e-001
1.210692708254645e-001	9.256603e+000	4.411565e-001
1.211622955107784e-001	9.257677e+000	1.776434e-001
1.212344435648881e-001	9.256674e+000	6.170976e-002
1.212632309620363e-001	9.255928e+000	3.729754e-002
1.212958986268751e-001	9.254928e+000	2.191630e-002
1.213284203340068e-001	9.253875e+000	1.224078e-002
1.213588805150080e-001	9.252854e+000	6.872452e-003
1.213931166456009e-001	9.251686e+000	3.510193e-003
1.214301840133003e-001	9.250406e+000	1.640811e-003
1.214756275044042e-001	9.248828e+000	6.368204e-004
1.215326166229588e-001	9.246843e+000	1.925106e-004
1.216134023386304e-001	9.244028e+000	3.517681e-005
1.217134023386303e-001	9.240543e+000	2.773485e-006
1.218134023386303e-001	9.237061e+000	-6.815026e-008
1.219134023386303e-001	9.233578e+000	-1.900316e-007
1.220134023386303e-001	9.230097e+000	-1.980316e-007
1.223134023386303e-001	9.219661e+000	-2.075294e-007
1.226134023386303e-001	9.209238e+000	-2.121506e-007
1.229134023386302e-001	9.198826e+000	-2.136430e-007
1.232134023386302e-001	9.188425e+000	-2.128727e-007
1.235134023386302e-001	9.178038e+000	-2.103234e-007
1.238134023386301e-001	9.167661e+000	-2.062925e-007
1.241134023386301e-001	9.157296e+000	-2.009783e-007
1.244134023386301e-001	9.146943e+000	-1.945182e-007
1.247134023386300e-001	9.136601e+000	-1.870212e-007
1.250134023386300e-001	9.126272e+000	-1.785738e-007
1.253134023386300e-001	9.115953e+000	-1.692551e-007
1.256134023386299e-001	9.105648e+000	-1.591325e-007
1.259134023386299e-001	9.095353e+000	-1.482713e-007
1.262134023386299e-001	9.085070e+000	-1.367334e-007
1.265134023386298e-001	9.074799e+000	-1.245808e-007
1.268134023386298e-001	9.064539e+000	-1.118724e-007
1.271134023386298e-001	9.054291e+000	-9.867108e-008
1.274134023386297e-001	9.044054e+000	-8.503594e-008
1.277134023386297e-001	9.033829e+000	-7.102699e-008
1.279134023386297e-001	9.027019e+000	-6.151276e-008
1.280134023386297e-001	9.023615e+000	-5.670790e-008
1.281134023386296e-001	9.020213e+000	-5.187667e-008
1.282134023386296e-001	9.016814e+000	-4.702179e-008
1.283134023386296e-001	9.013453e+000	-4.216690e-008
1.284134023386296e-001	9.010242e+000	-3.741695e-008
1.284595953190398e-001	9.008965e+000	-3.540822e-008
1.284838900375642e-001	9.008524e+000	-3.455776e-008
1.285080203835178e-001	9.008456e+000	-3.399945e-008
1.285327601458700e-001	9.009019e+000	-3.381883e-008
1.285624123171407e-001	9.011189e+000	-3.421823e-008
1.286098639746048e-001	9.018135e+000	-3.566111e-008
1.286485311347681e-001	9.027380e+000	-3.696605e-008
1.286911655773919e-001	9.041702e+000	-3.789486e-008
1.287386889255484e-001	9.061420e+000	-3.773989e-008
1.288133689987889e-001	9.096061e+000	-3.534593e-008
1.288937383993974e-001	9.133768e+000	-3.078920e-008
1.289755600640230e-001	9.169151e+000	-2.474314e-008
1.290619027195266e-001	9.200370e+000	-1.762995e-008
1.291594985306099e-001	9.226987e+000	-9.364063e-009
1.292594985306098e-001	9.244944e+000	-1.124135e-009
1.293594985306098e-001	9.254654e+000	6.538063e-009
1.294426764346836e-001	9.257580e+000	1.223335e-008
1.295303103652723e-001	9.257351e+000	1.755991e-008
1.295854240957047e-001	9.256209e+000	2.062008e-008
1.296227557755176e-001	9.255123e+000	2.257562e-008
1.296612807771348e-001	9.253885e+000	2.453706e-008
1.297020560059526e-001	9.252518e+000	2.658116e-008
1.297455129526346e-001	9.251028e+000	2.873835e-008
1.297985163198178e-001	9.249191e+000	3.135399e-008
1.298664454198100e-001	9.246827e+000	3.469129e-008
1.299661620138483e-001	9.243353e+000	3.957320e-008
1.300661620138483e-001	9.239868e+000	4.445155e-008
1.301661620138483e-001	9.236385e+000	4.930916e-008
1.302661620138483e-001	9.232903e+000	5.414495e-008
1.304661620138483e-001	9.225943e+000	6.374194e-008
1.307661620138482e-001	9.215511e+000	7.791459e-008
1.310661620138482e-001	9.205093e+000	9.176711e-008
1.313661620138482e-001	9.194686e+000	1.052376e-007
1.316661620138481e-001	9.184290e+000	1.182698e-007
1.319661620138481e-001	9.173906e+000	1.308053e-007
1.322661620138481e-001	9.163535e+000	1.427870e-007
1.325661620138480e-001	9.153175e+000	1.541621e-007
1.328661620138480e-001	9.142826e+000	1.648741e-007
1.331661620138480e-001	9.132490e+000	1.748704e-007
1.334661620138479e-001	9.122165e+000	1.841026e-007
1.337661620138479e-001	9.111851e+000	1.925146e-007
1.340661620138479e-001	9.101549e+000	2.000597e-007
1.343661620138478e-001	9.091259e+000	2.066799e-007
1.346661620138478e-001	9.080981e+000	2.123252e-007
1.349661620138478e-001	9.070714e+000	2.169336e-007
1.352661620138477e-001	9.060459e+000	2.204397e-007
1.355661620138477e-001	9.050216e+000	2.227671e-007
1.358661620138477e-001	9.039984e+000	2.238194e-007
1.361661620138476e-001	9.029763e+000	2.235074e-007
1.362661620138476e-001	9.026360e+000	2.254501e-007
1.363661620138476e-001	9.022956e+000	4.069798e-007
1.364661620138476e-001	9.019554e+000	1.002036e-005
1.365661620138476e-001	9.016157e+000	3.586454e-004
1.366661620138476e-001	9.012772e+000	2.697663e-003
1.367100618106783e-001	9.011308e+000	7.955538e-003
1.367441577173220e-001	9.010206e+000	1.919856e-002
1.367634925790899e-001	9.009619e+000	3.283633e-002
1.367831957685260e-001	9.009082e+000	5.826755e-002
1.368035497086907e-001	9.008633e+000	1.025615e-001
1.368240930488716e-001	9.008363e+000	1.764927e-001
1.368465434213156e-001	9.008420e+000	3.063707e-001
1.368717578169756e-001	9.009204e+000	5.324361e-001
1.369037078942119e-001	9.011817e+000	9.416996e-001
1.369442569147761e-001	9.018103e+000	1.581636e+000
1.369828824690828e-001	9.027579e+000	2.209258e+000
1.370246371266410e-001	9.041692e+000	2.785671e+000
1.370732056645209e-001	9.061919e+000	3.220781e+000
1.371487960231348e-001	9.097025e+000	3.478106e+000
1.372289305698767e-001	9.134600e+000	3.367946e+000
1.373109765737916e-001	9.169977e+000	2.981722e+000
1.373973302538000e-001	9.201032e+000	2.432822e+000
1.374953406168150e-001	9.227542e+000	1.764802e+000
1.375953406168150e-001	9.245275e+000	1.127523e+000
1.376953406168150e-001	9.254816e+000	6.024979e-001
1.377770110573028e-001	9.257603e+000	3.030977e-001
1.378648782263742e-001	9.257408e+000	1.055584e-001
1.379007779604225e-001	9.256706e+000	5.941875e-002
1.379384787332083e-001	9.255649e+000	3.308818e-002
1.379709023102544e-001	9.254645e+000	1.897772e-002
1.380036050052406e-001	9.253574e+000	1.057724e-002
1.380393803666697e-001	9.252367e+000	5.369532e-003
1.380769726418278e-001	9.251077e+000	2.536132e-003
1.381221732481024e-001	9.249511e+000	1.010076e-003
1.381777174308424e-001	9.247579e+000	3.200881e-004
1.382547610160383e-001	9.244894e+000	6.531002e-005
1.383547610160383e-001	9.241409e+000	6.095750e-006
1.384547610160383e-001	9.237926e+000	9.280939e-008
1.385547610160383e-001	9.234443e+000	-1.834669e-007
1.386547610160382e-001	9.230961e+000	-1.968092e-007
1.389547610160382e-001	9.220525e+000	-2.069537e-007
1.392547610160382e-001	9.210100e+000	-2.118995e-007
1.395547610160381e-001	9.199687e+000	-2.136130e-007
1.398547610160381e-001	9.189286e+000	-2.130128e-007
1.401547610160381e-001	9.178897e+000	-2.105990e-007
1.404547610160380e-001	9.168520e+000	-2.066854e-007
1.407547610160380e-001	9.158154e+000	-2.014722e-007
1.410547610160380e-001	9.147800e+000	-1.951057e-007
1.413547610160379e-001	9.137457e+000	-1.876906e-007
1.416547610160379e-001	9.127127e+000	-1.793233e-007
1.419547610160379e-001	9.116808e+000	-1.700737e-007
1.422547610160379e-001	9.106501e+000	-1.600174e-007
1.425547610160378e-001	9.096205e+000	-1.492153e-007
1.428547610160378e-001	9.085921e+000	-1.377321e-007
1.431547610160378e-001	9.075648e+000	-1.256285e-007
1.434547610160377e-001	9.065388e+000	-1.129647e-007
1.437547610160377e-001	9.055139e+000	-9.980249e-008
1.440547610160377e-001	9.044901e+000	-8.620100e-008
1.443547610160376e-001	9.034676e+000	-7.222206e-008
1.445547610160376e-001	9.027864e+000	-6.272330e-008
1.446547610160376e-001	9.024461e+000	-5.792754e-008
1.447547610160376e-001	9.021059e+000	-5.310358e-008
1.448547610160376e-001	9.017658e+000	-4.825324e-008
1.449547610160376e-001	9.014275e+000	-4.338926e-008
1.450547610160375e-001	9.010968e+000	-3.856987e-008
1.451032374817729e-001	9.009475e+000	-3.633247e-008
1.451264949147426e-001	9.008871e+000	-3.536816e-008
1.451481115330809e-001	9.008483e+000	-3.462193e-008
1.451708196610097e-001	9.008365e+000	-3.406020e-008
1.451944174421525e-001	9.008774e+000	-3.381894e-008
1.452230656443061e-001	9.010509e+000	-3.409060e-008
1.452645820769417e-001	9.015678e+000	-3.523604e-008
1.452998390550687e-001	9.023127e+000	-3.646712e-008
1.453438566681969e-001	9.036572e+000	-3.769627e-008
1.453867268433785e-001	9.053270e+000	-3.797645e-008
1.454497852322989e-001	9.081748e+000	-3.658023e-008
1.455327543677976e-001	9.120940e+000	-3.253394e-008
1.456137137771147e-001	9.157291e+000	-2.695931e-008
1.457010572201062e-001	9.191197e+000	-1.993727e-008
1.457914070256426e-001	9.218651e+000	-1.230356e-008
1.458914070256426e-001	9.239728e+000	-3.936293e-009
1.459914070256426e-001	9.252196e+000	3.971594e-009
1.460774818809272e-001	9.256888e+000	1.012364e-008
1.461691486956588e-001	9.257677e+000	1.593846e-008
1.462313877096565e-001	9.256715e+000	1.949750e-008
1.462794186464139e-001	9.255412e+000	2.205286e-008
1.463215393412492e-001	9.254087e+000	2.421178e-008
1.463637940863863e-001	9.252678e+000	2.633494e-008
1.464121287411478e-001	9.251023e+000	2.873583e-008
1.464691207769540e-001	9.249049e+000	3.154632e-008
1.465453713424119e-001	9.246395e+000	3.529110e-008
1.466453713424119e-001	9.242910e+000	4.018602e-008
1.467453713424119e-001	9.239426e+000	4.506273e-008
1.468453713424119e-001	9.235943e+000	4.991762e-008
1.469453713424118e-001	9.232461e+000	5.474976e-008
1.472453713424118e-001	9.222023e+000	6.909340e-008
1.475453713424118e-001	9.211597e+000	8.315328e-008
1.478453713424117e-001	9.201182e+000	9.686755e-008
1.481453713424117e-001	9.190780e+000	1.101807e-007
1.484453713424117e-001	9.180388e+000	1.230328e-007
1.487453713424116e-001	9.170010e+000	1.353683e-007
1.490453713424116e-001	9.159642e+000	1.471290e-007
1.493453713424116e-001	9.149286e+000	1.582594e-007
1.496453713424115e-001	9.138942e+000	1.687113e-007
1.499453713424115e-001	9.128610e+000	1.784323e-007
1.500000000000000e-001	9.126729e+000	1.792851e-007
