time	V(vin)-V(vout)	V(vout)
0.000000000000000e+000	3.581679e-007	-3.581679e-007
4.885659351291927e-006	1.841831e-002	1.807262e-007
1.465697805388966e-005	5.525392e-002	1.306820e-006
3.419961545907124e-005	1.289058e-001	2.013445e-005
7.328489026943441e-005	2.758144e-001	4.279652e-004
9.658504861757844e-005	3.615758e-001	2.460834e-003
1.137723323623163e-004	4.196447e-001	9.135400e-003
1.290966718349024e-004	4.614604e-001	2.503049e-002
1.464044456713359e-004	4.940525e-001	5.759908e-002
1.704889845396823e-004	5.226613e-001	1.196246e-001
1.954803290583895e-004	5.413997e-001	1.948769e-001
2.288098945616435e-004	5.573861e-001	3.041376e-001
2.801091716116144e-004	5.734786e-001	4.805466e-001
3.727037835050961e-004	5.925772e-001	8.078645e-001
4.727037835050990e-004	6.066815e-001	1.165953e+000
5.727037835051019e-004	6.168482e-001	1.525459e+000
6.727037835051047e-004	6.247122e-001	1.884225e+000
8.727037835051105e-004	6.365690e-001	2.594414e+000
1.072703783505116e-003	6.454651e-001	3.289205e+000
1.372703783505125e-003	6.555576e-001	4.291508e+000
1.672703783505133e-003	6.631970e-001	5.233053e+000
1.972703783505142e-003	6.691909e-001	6.100905e+000
2.272703783505151e-003	6.739678e-001	6.883470e+000
2.572703783505159e-003	6.777768e-001	7.570439e+000
2.872703783505168e-003	6.807728e-001	8.152829e+000
3.172703783505176e-003	6.830597e-001	8.623059e+000
3.472703783505185e-003	6.847010e-001	8.975027e+000
3.772703783505194e-003	6.857405e-001	9.204170e+000
4.072703783505202e-003	6.862020e-001	9.307525e+000
4.372703783505211e-003	6.860962e-001	9.283752e+000
4.672703783505219e-003	6.854210e-001	9.133162e+000
4.972703783505228e-003	6.841612e-001	8.857699e+000
5.272703783505237e-003	6.822844e-001	8.460934e+000
5.572703783505245e-003	6.797419e-001	7.948008e+000
5.872703783505254e-003	6.764560e-001	7.325585e+000
6.172703783505262e-003	6.723080e-001	6.601779e+000
6.472703783505271e-003	6.671133e-001	5.786077e+000
6.772703783505280e-003	6.605692e-001	4.889269e+000
7.072703783505288e-003	6.521399e-001	3.923434e+000
7.372703783505297e-003	6.407585e-001	2.902086e+000
7.572703783505302e-003	6.303785e-001	2.197991e+000
7.672703783505305e-003	6.237837e-001	1.841064e+000
7.772703783505308e-003	6.157070e-001	1.482117e+000
7.872703783505311e-003	6.052878e-001	1.122530e+000
7.972703783505314e-003	5.903445e-001	7.650125e-001
8.072703783505317e-003	5.622247e-001	4.187454e-001
8.172703783505320e-003	5.012624e-001	1.039267e-001
8.207292278382905e-003	4.493037e-001	2.568110e-002
8.226577411052774e-003	3.966412e-001	5.710549e-003
8.242417738680091e-003	3.415955e-001	1.081062e-003
8.254407668975908e-003	2.972230e-001	2.758977e-004
8.269126548506992e-003	2.419603e-001	6.992443e-005
8.290073676922402e-003	1.630672e-001	1.063859e-005
8.321372077836189e-003	4.509178e-002	9.402655e-007
8.371680788481217e-003	-1.446011e-001	3.962836e-005
8.408436732366978e-003	-2.836480e-001	5.526337e-004
8.432949103861012e-003	-3.787039e-001	3.249565e-003
8.449829385135235e-003	-4.503072e-001	1.126860e-002
8.465782859770357e-003	-5.292519e-001	3.013645e-002
8.483102798450590e-003	-6.292192e-001	6.490160e-002
8.505755063313109e-003	-7.744389e-001	1.248819e-001
8.530687197970621e-003	-9.441672e-001	2.008469e-001
8.566304042689987e-003	-1.195360e+000	3.182100e-001
8.619540291794653e-003	-1.578714e+000	5.018314e-001
8.715735317523565e-003	-2.278971e+000	8.423374e-001
8.815735317523568e-003	-3.009172e+000	1.200567e+000
8.915735317523571e-003	-3.738272e+000	1.560266e+000
9.015735317523574e-003	-4.463297e+000	1.918985e+000
9.215735317523580e-003	-5.894066e+000	2.628505e+000
9.415735317523585e-003	-7.290669e+000	3.322413e+000
9.715735317523594e-003	-9.301776e+000	4.322969e+000
1.001573531752360e-002	-1.118807e+001	5.262327e+000
1.031573531752361e-002	-1.292455e+001	6.127596e+000
1.061573531752362e-002	-1.448855e+001	6.907225e+000
1.091573531752363e-002	-1.585978e+001	7.590946e+000
1.121573531752364e-002	-1.702050e+001	8.169821e+000
1.151573531752365e-002	-1.795576e+001	8.636316e+000
1.181573531752365e-002	-1.865349e+001	8.984375e+000
1.211573531752366e-002	-1.910475e+001	9.209491e+000
1.241573531752367e-002	-1.930370e+001	9.308747e+000
1.271573531752368e-002	-1.924781e+001	9.280861e+000
1.301573531752369e-002	-1.893778e+001	9.126194e+000
1.331573531752370e-002	-1.837760e+001	8.846746e+000
1.361573531752371e-002	-1.757449e+001	8.446136e+000
1.391573531752371e-002	-1.653877e+001	7.929559e+000
1.421573531752372e-002	-1.528379e+001	7.303724e+000
1.451573531752373e-002	-1.382574e+001	6.576793e+000
1.481573531752374e-002	-1.218351e+001	5.758292e+000
1.511573531752375e-002	-1.037844e+001	4.859057e+000
1.541573531752376e-002	-8.434240e+000	3.891207e+000
1.571573531752377e-002	-6.376943e+000	2.868312e+000
1.591573531752377e-002	-4.956776e+000	2.163493e+000
1.601573531752377e-002	-4.235722e+000	1.806323e+000
1.611573531752378e-002	-3.509305e+000	1.447243e+000
1.621573531752378e-002	-2.779493e+000	1.087698e+000
1.631573531752378e-002	-2.049758e+000	7.306334e-001
1.641573531752379e-002	-1.331735e+000	3.871569e-001
1.651573531752379e-002	-6.545156e-001	8.582483e-002
1.655305760830877e-002	-4.436702e-001	1.550506e-002
1.657572262921847e-002	-3.442246e-001	1.440833e-003
1.658720276410805e-002	-2.998172e-001	2.901871e-004
1.660303966355231e-002	-2.399126e-001	6.742519e-005
1.662142777418420e-002	-1.705493e-001	1.099587e-005
1.665384294590459e-002	-4.834634e-002	2.239943e-006
1.671637238316875e-002	1.872380e-001	1.371684e-004
1.675311019484480e-002	3.242977e-001	1.529055e-003
1.677611765511849e-002	4.052992e-001	7.204226e-003
1.679243426748470e-002	4.525204e-001	2.143469e-002
1.681233206258284e-002	4.926196e-001	5.625004e-002
1.683334007930551e-002	5.189960e-001	1.089346e-001
1.686322853158548e-002	5.419176e-001	1.984252e-001
1.689131345103723e-002	5.558027e-001	2.900837e-001
1.694748328994071e-002	5.736615e-001	4.830159e-001
1.702626099480183e-002	5.905205e-001	7.609698e-001
1.712626099480183e-002	6.051179e-001	1.118856e+000
1.722626099480183e-002	6.156921e-001	1.478315e+000
1.732626099480183e-002	6.237867e-001	1.837279e+000
1.752626099480184e-002	6.358991e-001	2.548274e+000
1.772626099480185e-002	6.449468e-001	3.244241e+000
1.802626099480185e-002	6.551762e-001	4.248879e+000
1.832626099480186e-002	6.629019e-001	5.193360e+000
1.862626099480187e-002	6.689572e-001	6.064683e+000
1.892626099480188e-002	6.737804e-001	6.851201e+000
1.922626099480189e-002	6.776276e-001	7.542544e+000
1.952626099480190e-002	6.806583e-001	8.129673e+000
1.982626099480191e-002	6.829739e-001	8.604943e+000
2.012626099480191e-002	6.846428e-001	8.962185e+000
2.042626099480192e-002	6.857071e-001	9.196770e+000
2.072626099480193e-002	6.861944e-001	9.305660e+000
2.102626099480194e-002	6.861134e-001	9.287449e+000
2.132626099480195e-002	6.854620e-001	9.142371e+000
2.162626099480196e-002	6.842279e-001	8.872303e+000
2.192626099480197e-002	6.823797e-001	8.480742e+000
2.222626099480198e-002	6.798677e-001	7.972763e+000
2.252626099480198e-002	6.766167e-001	7.354966e+000
2.282626099480199e-002	6.725097e-001	6.635402e+000
2.312626099480200e-002	6.673656e-001	5.823499e+000
2.342626099480201e-002	6.608891e-001	4.929993e+000
2.372626099480202e-002	6.525590e-001	3.966903e+000
2.402626099480203e-002	6.413429e-001	2.947674e+000
2.422626099480203e-002	6.311598e-001	2.244579e+000
2.432626099480204e-002	6.247201e-001	1.887994e+000
2.442626099480204e-002	6.168745e-001	1.529245e+000
2.452626099480204e-002	6.067958e-001	1.169679e+000
2.462626099480204e-002	5.926161e-001	8.116896e-001
2.472626099480205e-002	5.676447e-001	4.624963e-001
2.482626099480205e-002	5.178960e-001	1.366164e-001
2.486192405730130e-002	4.751262e-001	4.517278e-002
2.488506221036195e-002	4.200958e-001	1.307386e-002
2.490991012237334e-002	3.382656e-001	1.299970e-003
2.491862136470470e-002	3.064234e-001	3.187426e-004
2.493548134673193e-002	2.431279e-001	7.770300e-005
2.495277546622279e-002	1.780097e-001	1.315878e-005
2.498709624755988e-002	4.864456e-002	1.251395e-006
2.503333818459735e-002	-1.257568e-001	7.813052e-005
2.508391131046475e-002	-3.179694e-001	1.683973e-003
2.511026778514033e-002	-4.241311e-001	8.551087e-003
2.512884860982911e-002	-5.117828e-001	2.622595e-002
2.514962294125031e-002	-6.292472e-001	6.548107e-002
2.517307980815225e-002	-7.790436e-001	1.270110e-001
2.520075643110695e-002	-9.677582e-001	2.116466e-001
2.523254757743618e-002	-1.192328e+000	3.167667e-001
2.529612987009461e-002	-1.650818e+000	5.367518e-001
2.538851065803607e-002	-2.323616e+000	8.641961e-001
2.548851065803606e-002	-3.054024e+000	1.222775e+000
2.558851065803605e-002	-3.782771e+000	1.582295e+000
2.568851065803604e-002	-4.507386e+000	1.940809e+000
2.588851065803602e-002	-5.937280e+000	2.649961e+000
2.608851065803600e-002	-7.332688e+000	3.343304e+000
2.638851065803596e-002	-9.341518e+000	4.342753e+000
2.668851065803593e-002	-1.122500e+001	5.280726e+000
2.698851065803590e-002	-1.295819e+001	6.144362e+000
2.728851065803586e-002	-1.451846e+001	6.922137e+000
2.758851065803583e-002	-1.588557e+001	7.603807e+000
2.788851065803580e-002	-1.704184e+001	8.180464e+000
2.818851065803577e-002	-1.797237e+001	8.644602e+000
2.848851065803573e-002	-1.866517e+001	8.990198e+000
2.878851065803570e-002	-1.911133e+001	9.212774e+000
2.908851065803567e-002	-1.930511e+001	9.309449e+000
2.938851065803563e-002	-1.924402e+001	9.278973e+000
2.968851065803560e-002	-1.892885e+001	9.121739e+000
2.998851065803557e-002	-1.836364e+001	8.839783e+000
3.028851065803553e-002	-1.755568e+001	8.436754e+000
3.058851065803550e-002	-1.651535e+001	7.917880e+000
3.088851065803547e-002	-1.525606e+001	7.289901e+000
3.118851065803543e-002	-1.379407e+001	6.561005e+000
3.148851065803540e-002	-1.214830e+001	5.740748e+000
3.178851065803537e-002	-1.034016e+001	4.839991e+000
3.208851065803534e-002	-8.393384e+000	3.870879e+000
3.238851065803530e-002	-6.334074e+000	2.847017e+000
3.258851065803528e-002	-4.912916e+000	2.141754e+000
3.268851065803527e-002	-4.191486e+000	1.784434e+000
3.278851065803526e-002	-3.464797e+000	1.425275e+000
3.288851065803525e-002	-2.734921e+000	1.065828e+000
3.298851065803524e-002	-2.005438e+000	7.091454e-001
3.308851065803523e-002	-1.289415e+000	3.677655e-001
3.318851065803521e-002	-6.131660e-001	6.746853e-002
3.321662618011795e-002	-4.553805e-001	1.554686e-002
3.323918431418693e-002	-3.567769e-001	1.917984e-003
3.325042176546844e-002	-3.129310e-001	4.126572e-004
3.326599387075646e-002	-2.539336e-001	9.712920e-005
3.328255774550620e-002	-1.914264e-001	1.864230e-005
3.331331872854157e-002	-7.545425e-002	1.684012e-006
3.336071674054519e-002	1.032110e-001	2.022265e-005
3.340277016747389e-002	2.612638e-001	4.770495e-004
3.343213281403448e-002	3.689843e-001	3.394847e-003
3.345038959568292e-002	4.291394e-001	1.200906e-002
3.346669675226058e-002	4.708006e-001	3.175582e-002
3.348444062694075e-002	5.012060e-001	6.814709e-002
3.350763585885147e-002	5.262410e-001	1.303912e-001
3.353363084249225e-002	5.442175e-001	2.101690e-001
3.356753718484415e-002	5.593132e-001	3.224678e-001
3.363193819736524e-002	5.779665e-001	5.453713e-001
3.372093991811789e-002	5.951296e-001	8.609182e-001
3.382093991811788e-002	6.083727e-001	1.219526e+000
3.392093991811787e-002	6.181216e-001	1.579030e+000
3.402093991811786e-002	6.257386e-001	1.937543e+000
3.422093991811784e-002	6.373150e-001	2.646786e+000
3.442093991811782e-002	6.460450e-001	3.340214e+000
3.472093991811778e-002	6.559858e-001	4.339827e+000
3.502093991811775e-002	6.635294e-001	5.278005e+000
3.532093991811772e-002	6.694546e-001	6.141883e+000
3.562093991811768e-002	6.741776e-001	6.919932e+000
3.592093991811765e-002	6.779432e-001	7.601907e+000
3.622093991811762e-002	6.809034e-001	8.178892e+000
3.652093991811758e-002	6.831560e-001	8.643379e+000
3.682093991811755e-002	6.847668e-001	8.989340e+000
3.712093991811752e-002	6.857767e-001	9.212292e+000
3.742093991811749e-002	6.862097e-001	9.309349e+000
3.772093991811745e-002	6.860762e-001	9.279256e+000
3.802093991811742e-002	6.853724e-001	9.122402e+000
3.832093991811739e-002	6.840830e-001	8.840816e+000
3.862093991811735e-002	6.821737e-001	8.438147e+000
3.892093991811732e-002	6.795974e-001	7.919611e+000
3.922093991811729e-002	6.762719e-001	7.291949e+000
3.952093991811725e-002	6.720762e-001	6.563344e+000
3.982093991811722e-002	6.668234e-001	5.743347e+000
4.012093991811719e-002	6.602001e-001	4.842814e+000
4.042093991811716e-002	6.516564e-001	3.873889e+000
4.072093991811712e-002	6.400819e-001	2.850169e+000
4.092093991811710e-002	6.294692e-001	2.144968e+000
4.102093991811709e-002	6.226887e-001	1.787672e+000
4.112093991811708e-002	6.143322e-001	1.428526e+000
4.122093991811707e-002	6.033814e-001	1.069072e+000
4.132093991811706e-002	5.873323e-001	7.123398e-001
4.142093991811705e-002	5.544165e-001	3.706271e-001
4.152093991811703e-002	4.781892e-001	7.091138e-002
4.155137376247603e-002	4.193572e-001	1.514994e-002
4.157456131717272e-002	3.455321e-001	1.627128e-003
4.158574353158689e-002	3.046923e-001	3.334021e-004
4.160133211770234e-002	2.462012e-001	7.933367e-005
4.161895230184332e-002	1.798552e-001	1.398384e-005
4.165041232594260e-002	6.127589e-002	1.147828e-006
4.169727803932788e-002	-1.155184e-001	1.188530e-004
4.175534976086695e-002	-3.384725e-001	4.207358e-003
4.178820762415295e-002	-4.778428e-001	1.980452e-002
4.180839087606750e-002	-5.824206e-001	4.838705e-002
4.182989206446103e-002	-7.144160e-001	9.945901e-002
4.185575498218611e-002	-8.871495e-001	1.749069e-001
4.188452910716070e-002	-1.087885e+000	2.674862e-001
4.192977804306541e-002	-1.411803e+000	4.215227e-001
4.201331468862363e-002	-2.018262e+000	7.151464e-001
4.211331468862362e-002	-2.748242e+000	1.072365e+000
4.221331468862360e-002	-3.478001e+000	1.431742e+000
4.231331468862359e-002	-4.204612e+000	1.790881e+000
4.241331468862358e-002	-4.925992e+000	2.148218e+000
4.261331468862356e-002	-6.346885e+000	2.853380e+000
4.291331468862353e-002	-8.405599e+000	3.876957e+000
4.321331468862349e-002	-1.035161e+001	4.845693e+000
4.351331468862346e-002	-1.215883e+001	5.745996e+000
4.381331468862343e-002	-1.380354e+001	6.565727e+000
4.411331468862340e-002	-1.526436e+001	7.294037e+000
4.441331468862336e-002	-1.652236e+001	7.921375e+000
4.471331468862333e-002	-1.756131e+001	8.439564e+000
4.501331468862330e-002	-1.836783e+001	8.841869e+000
4.531331468862326e-002	-1.893153e+001	9.123076e+000
4.561331468862323e-002	-1.924516e+001	9.279543e+000
4.591331468862320e-002	-1.930470e+001	9.309245e+000
4.621331468862316e-002	-1.910937e+001	9.211798e+000
4.651331468862313e-002	-1.866169e+001	8.988463e+000
4.681331468862310e-002	-1.796741e+001	8.642131e+000
4.711331468862307e-002	-1.703547e+001	8.177288e+000
4.741331468862303e-002	-1.587787e+001	7.599968e+000
4.771331468862300e-002	-1.450953e+001	6.917684e+000
4.801331468862297e-002	-1.294815e+001	6.139355e+000
4.831331468862293e-002	-1.121397e+001	5.275230e+000
4.861331468862290e-002	-9.329647e+000	4.336843e+000
4.891331468862287e-002	-7.320136e+000	3.337063e+000
4.911331468862284e-002	-5.924375e+000	2.643555e+000
4.931331468862282e-002	-4.494228e+000	1.934303e+000
4.941331468862281e-002	-3.769534e+000	1.575771e+000
4.951331468862280e-002	-3.040662e+000	1.216178e+000
4.961331468862279e-002	-2.310345e+000	8.577332e-001
4.971331468862278e-002	-1.585100e+000	5.064246e-001
4.981331468862277e-002	-8.768142e-001	1.736080e-001
4.985236436611790e-002	-6.216964e-001	6.541045e-002
4.987906616021717e-002	-4.746587e-001	1.890674e-002
4.990050746515484e-002	-3.780484e-001	3.058335e-003
4.991271803367350e-002	-3.296725e-001	6.865768e-004
4.992877059978373e-002	-2.686427e-001	1.464937e-004
4.994328817252614e-002	-2.138135e-001	3.118518e-005
4.996960059076944e-002	-1.146041e-001	3.492320e-006
5.000683421082353e-002	2.572751e-002	3.682544e-005
5.008027277082960e-002	3.005867e-001	1.988306e-003
5.011186372399951e-002	4.108770e-001	1.071436e-002
5.013238008178569e-002	4.665085e-001	3.234548e-002
5.015506819405050e-002	5.050310e-001	7.922937e-002
5.018279484497298e-002	5.326847e-001	1.558903e-001
5.020904943646845e-002	5.488176e-001	2.384646e-001
5.024943071008262e-002	5.646882e-001	3.742583e-001
5.031515009991300e-002	5.817890e-001	6.035057e-001
5.041515009991299e-002	5.991741e-001	9.595234e-001
5.051515009991298e-002	6.113085e-001	1.318577e+000
5.061515009991296e-002	6.203673e-001	1.677963e+000
5.071515009991295e-002	6.275663e-001	2.035943e+000
5.091515009991293e-002	6.386542e-001	2.743345e+000
5.121515009991290e-002	6.506412e-001	3.771814e+000
5.151515009991287e-002	6.594281e-001	4.746975e+000
5.181515009991283e-002	6.662164e-001	5.655056e+000
5.211515009991280e-002	6.715927e-001	6.483779e+000
5.241515009991277e-002	6.758852e-001	7.222159e+000
5.271515009991273e-002	6.792932e-001	7.860507e+000
5.301515009991270e-002	6.819429e-001	8.390498e+000
5.331515009991267e-002	6.839161e-001	8.805243e+000
5.361515009991263e-002	6.852684e-001	9.099362e+000
5.391515009991260e-002	6.860304e-001	9.269050e+000
5.421515009991257e-002	6.862230e-001	9.312107e+000
5.451515009991254e-002	6.858473e-001	9.227980e+000
5.481515009991250e-002	6.848965e-001	9.017755e+000
5.511515009991247e-002	6.833487e-001	8.684153e+000
5.541515009991244e-002	6.811647e-001	8.231495e+000
5.571515009991240e-002	6.782808e-001	7.665656e+000
5.601515009991237e-002	6.746030e-001	6.993998e+000
5.631515009991234e-002	6.699867e-001	6.225293e+000
5.661515009991230e-002	6.641998e-001	5.369656e+000
5.691515009991227e-002	6.568484e-001	4.438486e+000
5.721515009991224e-002	6.472058e-001	3.444502e+000
5.741515009991222e-002	6.387956e-001	2.753962e+000
5.761515009991219e-002	6.277254e-001	2.046804e+000
5.771515009991218e-002	6.205633e-001	1.688894e+000
5.781515009991217e-002	6.116244e-001	1.329479e+000
5.791515009991216e-002	5.996564e-001	9.703349e-001
5.801515009991215e-002	5.811685e-001	6.154795e-001
5.811515009991214e-002	5.458816e-001	2.757227e-001
5.818150121527746e-002	4.937245e-001	7.835656e-002
5.820995788413738e-002	4.438125e-001	2.113434e-002
5.822873122554306e-002	3.897368e-001	4.501661e-003
5.824240428900909e-002	3.417158e-001	1.011549e-003
5.825538119501994e-002	2.935707e-001	2.595987e-004
5.826998428461042e-002	2.387340e-001	6.363408e-005
5.829165354022328e-002	1.571132e-001	9.423142e-006
5.832411637824259e-002	3.474592e-002	1.115535e-006
5.837507837240588e-002	-1.574399e-001	7.129995e-005
5.841454709560887e-002	-3.070448e-001	9.239384e-004
5.843734792416228e-002	-3.967801e-001	4.754840e-003
5.845457802064644e-002	-4.729681e-001	1.604558e-002
5.847218752487077e-002	-5.648669e-001	4.163797e-002
5.849025958675566e-002	-6.736157e-001	8.236270e-002
5.851424559354959e-002	-8.313360e-001	1.498414e-001
5.854049224216898e-002	-1.012544e+000	2.323669e-001
5.858152693383634e-002	-1.304433e+000	3.701298e-001
5.864933275102979e-002	-1.795030e+000	6.065564e-001
5.874933275102978e-002	-2.524334e+000	9.624740e-001
5.884933275102977e-002	-3.254507e+000	1.321480e+000
5.894933275102976e-002	-3.982426e+000	1.680979e+000
5.904933275102975e-002	-4.705606e+000	2.039011e+000
5.924933275102973e-002	-6.131329e+000	2.746317e+000
5.954933275102969e-002	-8.199984e+000	3.774657e+000
5.984933275102966e-002	-1.015874e+001	4.749647e+000
6.014933275102963e-002	-1.198127e+001	5.657520e+000
6.044933275102959e-002	-1.364361e+001	6.486002e+000
6.074933275102956e-002	-1.512412e+001	7.224112e+000
6.104933275102953e-002	-1.640363e+001	7.862164e+000
6.134933275102950e-002	-1.746563e+001	8.391838e+000
6.164933275102946e-002	-1.829642e+001	8.806248e+000
6.194933275102943e-002	-1.888531e+001	9.100019e+000
6.224933275102940e-002	-1.922473e+001	9.269350e+000
6.254933275102936e-002	-1.931032e+001	9.312048e+000
6.284933275102933e-002	-1.914097e+001	9.227562e+000
6.314933275102930e-002	-1.871886e+001	9.016982e+000
6.344933275102926e-002	-1.804942e+001	8.683037e+000
6.374933275102923e-002	-1.714126e+001	8.230049e+000
6.404933275102920e-002	-1.600607e+001	7.663900e+000
6.434933275102917e-002	-1.465850e+001	6.991954e+000
6.464933275102913e-002	-1.311595e+001	6.222988e+000
6.494933275102910e-002	-1.139842e+001	5.367121e+000
6.524933275102907e-002	-9.528333e+000	4.435754e+000
6.554933275102903e-002	-7.530399e+000	3.441612e+000
6.574933275102901e-002	-6.140737e+000	2.750991e+000
6.594933275102899e-002	-4.715218e+000	2.043774e+000
6.604933275102898e-002	-3.992178e+000	1.685836e+000
6.614933275102897e-002	-3.264366e+000	1.326403e+000
6.624933275102896e-002	-2.534022e+000	9.671925e-001
6.634933275102894e-002	-1.805798e+000	6.123291e-001
6.644933275102893e-002	-1.088952e+000	2.705387e-001
6.650442341596471e-002	-7.144773e-001	1.032159e-001
6.653770860728961e-002	-5.142079e-001	2.823898e-002
6.655482250961520e-002	-4.302550e-001	8.737376e-003
6.657689832812913e-002	-3.396072e-001	1.253088e-003
6.658836990128350e-002	-2.953809e-001	2.519235e-004
6.660309669117084e-002	-2.396941e-001	6.388824e-005
6.662267694577595e-002	-1.658405e-001	1.072898e-005
6.665749056684900e-002	-3.459541e-002	2.402795e-006
6.671697862207507e-002	1.895796e-001	8.060934e-005
6.674716035243627e-002	3.025577e-001	8.498018e-004
6.677108926710376e-002	3.887990e-001	4.763234e-003
6.678716560823603e-002	4.391111e-001	1.500298e-002
6.680446655028563e-002	4.796780e-001	3.958168e-002
6.682225666995373e-002	5.072032e-001	7.902102e-002
6.684650256692251e-002	5.307325e-001	1.467136e-001
6.687317125158457e-002	5.475129e-001	2.302050e-001
6.691122777956199e-002	5.629577e-001	3.577104e-001
6.698217086718547e-002	5.816985e-001	6.049217e-001
6.708217086718546e-002	5.992298e-001	9.607862e-001
6.718217086718545e-002	6.113456e-001	1.319849e+000
6.728217086718544e-002	6.203952e-001	1.679234e+000
6.738217086718543e-002	6.275890e-001	2.037207e+000
6.758217086718540e-002	6.386712e-001	2.744584e+000
6.788217086718537e-002	6.506534e-001	3.772999e+000
6.818217086718534e-002	6.594372e-001	4.748089e+000
6.848217086718531e-002	6.662230e-001	5.656084e+000
6.878217086718527e-002	6.715984e-001	6.484706e+000
6.908217086718524e-002	6.758900e-001	7.222973e+000
6.938217086718521e-002	6.792974e-001	7.861198e+000
6.968217086718517e-002	6.819458e-001	8.391057e+000
6.998217086718514e-002	6.839180e-001	8.805662e+000
7.028217086718511e-002	6.852694e-001	9.099637e+000
7.058217086718507e-002	6.860304e-001	9.269176e+000
7.088217086718504e-002	6.862221e-001	9.312083e+000
7.118217086718501e-002	6.858463e-001	9.227805e+000
7.148217086718497e-002	6.848946e-001	9.017433e+000
7.178217086718494e-002	6.833467e-001	8.683687e+000
7.208217086718491e-002	6.811619e-001	8.230892e+000
7.238217086718488e-002	6.782765e-001	7.664924e+000
7.268217086718484e-002	6.745992e-001	6.993145e+000
7.298217086718481e-002	6.699810e-001	6.224332e+000
7.328217086718478e-002	6.641917e-001	5.368599e+000
7.358217086718474e-002	6.568389e-001	4.437347e+000
7.388217086718471e-002	6.471930e-001	3.443297e+000
7.408217086718469e-002	6.387787e-001	2.752723e+000
7.428217086718467e-002	6.277022e-001	2.045541e+000
7.438217086718466e-002	6.205451e-001	1.687613e+000
7.448217086718464e-002	6.116095e-001	1.328185e+000
7.458217086718463e-002	5.996186e-001	9.690543e-001
7.468217086718462e-002	5.810826e-001	6.142401e-001
7.478217086718461e-002	5.454689e-001	2.748049e-001
7.484924022747666e-002	4.922431e-001	7.580192e-002
7.487701071712188e-002	4.428622e-001	2.063034e-002
7.489601291062456e-002	3.876490e-001	4.272688e-003
7.490936296532469e-002	3.406543e-001	9.727684e-004
7.492254393436068e-002	2.917123e-001	2.486891e-004
7.493718235245755e-002	2.367345e-001	6.030402e-005
7.495915020772506e-002	1.539852e-001	8.768813e-006
7.499223794448698e-002	2.926058e-002	1.633873e-006
7.504714514654323e-002	-1.778516e-001	1.279836e-004
7.508660107926410e-002	-3.279355e-001	1.515084e-003
7.510890720719091e-002	-4.174372e-001	6.982058e-003
7.512583233031092e-002	-4.958648e-001	2.166595e-002
7.514572715095405e-002	-6.054589e-001	5.635679e-002
7.516657427909548e-002	-7.361904e-001	1.086329e-001
7.519640484968754e-002	-9.376936e-001	1.979411e-001
7.522473113434922e-002	-1.136591e+000	2.903877e-001
7.528138370367260e-002	-1.543829e+000	4.850261e-001
7.536175230805012e-002	-2.128221e+000	7.686706e-001
7.546175230805011e-002	-2.858594e+000	1.126607e+000
7.556175230805010e-002	-3.588060e+000	1.486098e+000
7.566175230805008e-002	-4.314004e+000	1.845054e+000
7.586175230805006e-002	-5.747758e+000	2.555874e+000
7.606175230805004e-002	-7.148329e+000	3.251648e+000
7.636175230805001e-002	-9.167048e+000	4.255904e+000
7.666175230804997e-002	-1.106276e+001	5.199903e+000
7.696175230804994e-002	-1.281031e+001	6.070657e+000
7.726175230804991e-002	-1.438686e+001	6.856525e+000
7.756175230804988e-002	-1.577195e+001	7.547150e+000
7.786175230804984e-002	-1.694768e+001	8.133499e+000
7.816175230804981e-002	-1.789887e+001	8.607941e+000
7.846175230804978e-002	-1.861328e+001	8.964315e+000
7.876175230804974e-002	-1.908172e+001	9.198005e+000
7.906175230804971e-002	-1.929816e+001	9.305984e+000
7.936175230804968e-002	-1.925982e+001	9.286858e+000
7.966175230804964e-002	-1.896720e+001	9.140871e+000
7.996175230804961e-002	-1.842405e+001	8.869915e+000
8.026175230804958e-002	-1.763736e+001	8.477496e+000
8.056175230804955e-002	-1.661725e+001	7.968702e+000
8.086175230804951e-002	-1.537688e+001	7.350143e+000
8.116175230804948e-002	-1.393224e+001	6.629879e+000
8.146175230804945e-002	-1.230202e+001	5.817349e+000
8.176175230804941e-002	-1.050743e+001	4.923298e+000
8.206175230804938e-002	-8.572000e+000	3.959755e+000
8.236175230804935e-002	-6.521598e+000	2.940175e+000
8.256175230804932e-002	-5.104860e+000	2.236914e+000
8.266175230804931e-002	-4.385117e+000	1.880278e+000
8.276175230804930e-002	-3.659675e+000	1.521502e+000
8.286175230804929e-002	-2.930400e+000	1.161932e+000
8.296175230804928e-002	-2.200265e+000	8.040140e-001
8.306175230804927e-002	-1.477287e+000	4.552388e-001
8.316175230804926e-002	-7.760982e-001	1.297040e-001
8.319454970771589e-002	-5.693438e-001	4.638055e-002
8.321893136690239e-002	-4.440489e-001	1.289734e-002
8.324311523821013e-002	-3.414063e-001	1.357653e-003
8.325310906624350e-002	-3.026867e-001	2.944685e-004
8.326893221365866e-002	-2.428359e-001	7.322150e-005
8.328712366628946e-002	-1.742098e-001	1.227606e-005
8.331968590721006e-002	-5.145124e-002	1.882078e-006
8.337905941978047e-002	1.722709e-001	1.038000e-004
8.341747226675314e-002	3.158944e-001	1.248692e-003
8.344057184597792e-002	3.980423e-001	6.127218e-003
8.345731849517243e-002	4.476766e-001	1.956626e-002
8.347786570730489e-002	4.908473e-001	5.375739e-002
8.349722357170256e-002	5.165601e-001	1.008985e-001
8.352385851092997e-002	5.382950e-001	1.793506e-001
8.355160663181399e-002	5.529759e-001	2.689668e-001
8.360501344025947e-002	5.712111e-001	4.512091e-001
8.367757183843699e-002	5.877625e-001	7.063465e-001
8.377757183843698e-002	6.032002e-001	1.063722e+000
8.387757183843697e-002	6.142927e-001	1.423073e+000
8.397757183843696e-002	6.226743e-001	1.782241e+000
8.407757183843695e-002	6.294084e-001	2.139638e+000
8.427757183843693e-002	6.400154e-001	2.844977e+000
8.457757183843689e-002	6.516063e-001	3.868935e+000
8.487757183843686e-002	6.601620e-001	4.838167e+000
8.517757183843683e-002	6.667929e-001	5.739070e+000
8.547757183843679e-002	6.720524e-001	6.559494e+000
8.577757183843676e-002	6.762524e-001	7.288578e+000
8.607757183843673e-002	6.795816e-001	7.916761e+000
8.637757183843670e-002	6.821623e-001	8.435856e+000
8.667757183843666e-002	6.840734e-001	8.839115e+000
8.697757183843663e-002	6.853666e-001	9.121311e+000
8.727757183843660e-002	6.860743e-001	9.278790e+000
8.757757183843656e-002	6.862116e-001	9.309513e+000
8.787757183843653e-002	6.857805e-001	9.213085e+000
8.817757183843650e-002	6.847734e-001	8.990752e+000
8.847757183843646e-002	6.831665e-001	8.645391e+000
8.877757183843643e-002	6.809158e-001	8.181479e+000
8.907757183843640e-002	6.779613e-001	7.605034e+000
8.937757183843637e-002	6.742001e-001	6.923559e+000
8.967757183843633e-002	6.694822e-001	6.145962e+000
8.997757183843630e-002	6.635637e-001	5.282482e+000
9.027757183843627e-002	6.560302e-001	4.344642e+000
9.057757183843623e-002	6.461029e-001	3.345300e+000
9.077757183843621e-002	6.373844e-001	2.652015e+000
9.097757183843619e-002	6.257870e-001	1.942918e+000
9.107757183843618e-002	6.181958e-001	1.584429e+000
9.117757183843617e-002	6.085721e-001	1.224842e+000
9.127757183843616e-002	5.952688e-001	8.663294e-001
9.137757183843615e-002	5.730297e-001	5.146758e-001
9.147757183843613e-002	5.316179e-001	1.806492e-001
9.151683507910641e-002	4.942145e-001	7.033695e-002
9.154420738702221e-002	4.412384e-001	2.025818e-002
9.156416677784435e-002	3.824575e-001	3.861828e-003
9.157728339662838e-002	3.360498e-001	8.533738e-004
9.159086642991887e-002	2.855086e-001	2.126446e-004
9.160559539171848e-002	2.301622e-001	5.070144e-005
9.162902754027588e-002	1.418848e-001	6.635074e-006
9.166239640357446e-002	1.609269e-002	5.818948e-006
9.172913413017159e-002	-2.357235e-001	2.484337e-004
9.175745558073517e-002	-3.443774e-001	2.178079e-003
9.178103859942269e-002	-4.415360e-001	1.049753e-002
9.179726652172371e-002	-5.197916e-001	2.764063e-002
9.181577077713390e-002	-6.257049e-001	6.389163e-002
9.184011626127109e-002	-7.815052e-001	1.280815e-001
9.186553222428645e-002	-9.546263e-001	2.056229e-001
9.190021569773954e-002	-1.199458e+000	3.201360e-001
9.195549524837152e-002	-1.597759e+000	5.110514e-001
9.205282651257515e-002	-2.306428e+000	8.557764e-001
9.215282651257514e-002	-3.036634e+000	1.214099e+000
9.225282651257513e-002	-3.765607e+000	1.573777e+000
9.235282651257512e-002	-4.490433e+000	1.932423e+000
9.255282651257510e-002	-5.920653e+000	2.641704e+000
9.275282651257508e-002	-7.316523e+000	3.335267e+000
9.305282651257504e-002	-9.326230e+000	4.335143e+000
9.335282651257501e-002	-1.121080e+001	5.273649e+000
9.365282651257498e-002	-1.294526e+001	6.137914e+000
9.395282651257494e-002	-1.450696e+001	6.916403e+000
9.425282651257491e-002	-1.587565e+001	7.598863e+000
9.455282651257488e-002	-1.703364e+001	8.176374e+000
9.485282651257485e-002	-1.796599e+001	8.641419e+000
9.515282651257481e-002	-1.866069e+001	8.987964e+000
9.545282651257478e-002	-1.910881e+001	9.211517e+000
9.575282651257475e-002	-1.930458e+001	9.309185e+000
9.605282651257471e-002	-1.924549e+001	9.279706e+000
9.635282651257468e-002	-1.893230e+001	9.123461e+000
9.665282651257465e-002	-1.836903e+001	8.842469e+000
9.695282651257461e-002	-1.756293e+001	8.440371e+000
9.725282651257458e-002	-1.652437e+001	7.922380e+000
9.755282651257455e-002	-1.526674e+001	7.295226e+000
9.785282651257451e-002	-1.380627e+001	6.567085e+000
9.815282651257448e-002	-1.216186e+001	5.747504e+000
9.845282651257445e-002	-1.035490e+001	4.847332e+000
9.875282651257442e-002	-8.409112e+000	3.878704e+000
9.905282651257438e-002	-6.350575e+000	2.855214e+000
9.925282651257436e-002	-4.929796e+000	2.150119e+000
9.935282651257435e-002	-4.208511e+000	1.792857e+000
9.945282651257434e-002	-3.481946e+000	1.433748e+000
9.955282651257433e-002	-2.752079e+000	1.074248e+000
9.965282651257432e-002	-2.022442e+000	7.173623e-001
9.975282651257431e-002	-1.302991e+000	3.725169e-001
9.984045284346796e-002	-7.048979e-001	1.037819e-001
9.988010933349936e-002	-4.718413e-001	2.001803e-002
9.989913495459860e-002	-3.834264e-001	3.265743e-003
9.991251411244884e-002	-3.304695e-001	7.152291e-004
9.992653039952204e-002	-2.771090e-001	1.705243e-004
9.994180507003975e-002	-2.194104e-001	3.823703e-005
9.996622930724775e-002	-1.273139e-001	4.835235e-006
1.000082583124783e-001	3.100516e-002	1.278938e-004
1.000923163229395e-001	3.419805e-001	5.973639e-003
1.001244790914409e-001	4.450610e-001	2.404187e-002
1.001467704566718e-001	4.934330e-001	5.959625e-002
1.001699811960675e-001	5.218998e-001	1.184757e-001
1.002001426684538e-001	5.439279e-001	2.098765e-001
1.002312416690722e-001	5.584980e-001	3.121588e-001
1.002845800918954e-001	5.745519e-001	4.962329e-001
1.003845800918954e-001	5.946004e-001	8.501585e-001
1.004845800918954e-001	6.083598e-001	1.208320e+000
1.005845800918954e-001	6.180648e-001	1.567954e+000
1.006845800918954e-001	6.255504e-001	1.926702e+000
1.008845800918953e-001	6.371636e-001	2.636158e+000
1.010845800918953e-001	6.459281e-001	3.329864e+000
1.013845800918953e-001	6.558990e-001	4.330027e+000
1.016845800918952e-001	6.634617e-001	5.268891e+000
1.019845800918952e-001	6.694012e-001	6.133578e+000
1.022845800918952e-001	6.741352e-001	6.912547e+000
1.025845800918951e-001	6.779099e-001	7.595537e+000
1.028845800918951e-001	6.808767e-001	8.173622e+000
1.031845800918951e-001	6.831360e-001	8.639277e+000
1.034845800918950e-001	6.847534e-001	8.986458e+000
1.037845800918950e-001	6.857691e-001	9.210668e+000
1.040845800918950e-001	6.862087e-001	9.309004e+000
1.043845800918949e-001	6.860800e-001	9.280194e+000
1.046845800918949e-001	6.853828e-001	9.124612e+000
1.049845800918949e-001	6.840982e-001	8.844270e+000
1.052845800918948e-001	6.821966e-001	8.442798e+000
1.055845800918948e-001	6.796274e-001	7.925400e+000
1.058845800918948e-001	6.763091e-001	7.298800e+000
1.061845800918947e-001	6.721239e-001	6.571167e+000
1.064845800918947e-001	6.668825e-001	5.752041e+000
1.067845800918947e-001	6.602759e-001	4.852262e+000
1.070845800918946e-001	6.517553e-001	3.883961e+000
1.073845800918946e-001	6.402202e-001	2.860721e+000
1.075845800918946e-001	6.296556e-001	2.155742e+000
1.076845800918946e-001	6.229138e-001	1.798518e+000
1.077845800918946e-001	6.146158e-001	1.439411e+000
1.078845800918946e-001	6.038238e-001	1.079878e+000
1.079845800918945e-001	5.880601e-001	7.229240e-001
1.080845800918945e-001	5.562274e-001	3.801763e-001
1.081845800918945e-001	4.774769e-001	8.301577e-002
1.082234486943383e-001	3.995728e-001	1.456403e-002
1.082509674894957e-001	3.096372e-001	8.247945e-004
1.082628919369956e-001	2.654159e-001	1.107270e-004
1.082783339481521e-001	2.073018e-001	2.616114e-005
1.083016406054546e-001	1.194727e-001	3.223061e-006
1.083482539200595e-001	-5.687915e-002	6.301648e-004
1.084414805492695e-001	-4.242025e-001	1.661008e-002
1.084729407157909e-001	-5.762356e-001	5.017108e-002
1.085039935791566e-001	-7.648436e-001	1.219134e-001
1.085360332390818e-001	-9.814443e-001	2.180272e-001
1.085663687803396e-001	-1.195428e+000	3.180344e-001
1.086168375725850e-001	-1.559124e+000	4.923719e-001
1.087168375725850e-001	-2.287069e+000	8.463237e-001
1.088168375725850e-001	-3.017138e+000	1.204447e+000
1.089168375725849e-001	-3.746145e+000	1.564083e+000
1.090168375725849e-001	-4.471183e+000	1.922853e+000
1.092168375725849e-001	-5.901868e+000	2.632379e+000
1.094168375725849e-001	-7.298254e+000	3.326184e+000
1.097168375725849e-001	-9.308950e+000	4.326541e+000
1.100168375725848e-001	-1.119474e+001	5.265649e+000
1.103168375725848e-001	-1.293063e+001	6.130624e+000
1.106168375725848e-001	-1.449396e+001	6.909919e+000
1.109168375725847e-001	-1.586444e+001	7.593270e+000
1.112168375725847e-001	-1.702436e+001	8.171745e+000
1.115168375725847e-001	-1.795876e+001	8.637815e+000
1.118168375725846e-001	-1.865561e+001	8.985430e+000
1.121168375725846e-001	-1.910594e+001	9.210087e+000
1.124168375725846e-001	-1.930396e+001	9.308878e+000
1.127168375725845e-001	-1.924713e+001	9.280525e+000
1.130168375725845e-001	-1.893618e+001	9.125395e+000
1.133168375725845e-001	-1.837509e+001	8.845493e+000
1.136168375725844e-001	-1.757110e+001	8.444448e+000
1.139168375725844e-001	-1.653455e+001	7.927455e+000
1.142168375725844e-001	-1.527879e+001	7.301233e+000
1.145168375725843e-001	-1.382003e+001	6.573946e+000
1.148168375725843e-001	-1.217716e+001	5.755129e+000
1.151168375725843e-001	-1.037154e+001	4.855619e+000
1.154168375725842e-001	-8.426872e+000	3.887541e+000
1.157168375725842e-001	-6.369210e+000	2.864470e+000
1.159168375725842e-001	-4.948863e+000	2.159571e+000
1.160168375725842e-001	-4.227741e+000	1.802374e+000
1.161168375725842e-001	-3.501275e+000	1.443280e+000
1.162168375725841e-001	-2.771440e+000	1.083740e+000
1.163168375725841e-001	-2.041736e+000	7.267314e-001
1.164168375725841e-001	-1.324060e+000	3.836186e-001
1.165168375725841e-001	-6.510873e-001	8.654522e-002
1.165576772440701e-001	-4.254991e-001	1.473424e-002
1.165859517027350e-001	-3.050178e-001	7.764603e-004
1.165992357163186e-001	-2.542654e-001	8.403878e-005
1.166140723058345e-001	-1.982822e-001	1.915596e-005
1.166391867785707e-001	-1.035971e-001	2.244740e-006
1.166894157240430e-001	8.567492e-002	8.595236e-005
1.167523308769890e-001	3.183283e-001	4.562006e-003
1.167897623290725e-001	4.411023e-001	2.279089e-002
1.168111057408282e-001	4.899211e-001	5.433226e-002
1.168336465192081e-001	5.192327e-001	1.098508e-001
1.168607145017022e-001	5.404710e-001	1.904198e-001
1.168906461118193e-001	5.555269e-001	2.878527e-001
1.169407846723208e-001	5.718405e-001	4.597217e-001
1.170295097860161e-001	5.910679e-001	7.725567e-001
1.171295097860161e-001	6.058984e-001	1.130139e+000
1.172295097860161e-001	6.162269e-001	1.489755e+000
1.173295097860161e-001	6.240439e-001	1.848891e+000
1.175295097860160e-001	6.360648e-001	2.559716e+000
1.177295097860160e-001	6.450758e-001	3.255392e+000
1.180295097860160e-001	6.552711e-001	4.259454e+000
1.183295097860160e-001	6.629748e-001	5.203210e+000
1.186295097860159e-001	6.690149e-001	6.073675e+000
1.189295097860159e-001	6.738267e-001	6.859215e+000
1.192295097860159e-001	6.776648e-001	7.549476e+000
1.195295097860158e-001	6.806870e-001	8.135431e+000
1.198295097860158e-001	6.829948e-001	8.609454e+000
1.201295097860158e-001	6.846571e-001	8.965389e+000
1.204295097860157e-001	6.857157e-001	9.198627e+000
1.207295097860157e-001	6.861963e-001	9.306145e+000
1.210295097860157e-001	6.861086e-001	9.286556e+000
1.213295097860156e-001	6.854525e-001	9.140111e+000
1.216295097860156e-001	6.842117e-001	8.868706e+000
1.219295097860156e-001	6.823568e-001	8.475853e+000
1.222295097860155e-001	6.798368e-001	7.966648e+000
1.225295097860155e-001	6.765766e-001	7.347703e+000
1.228295097860155e-001	6.724601e-001	6.627086e+000
1.231295097860154e-001	6.673036e-001	5.814240e+000
1.234295097860154e-001	6.608100e-001	4.919913e+000
1.237295097860154e-001	6.524556e-001	3.956140e+000
1.240295097860153e-001	6.411991e-001	2.936384e+000
1.242295097860153e-001	6.309679e-001	2.233038e+000
1.243295097860153e-001	6.244904e-001	1.876367e+000
1.244295097860153e-001	6.165887e-001	1.517567e+000
1.245295097860153e-001	6.064597e-001	1.157961e+000
1.246295097860153e-001	5.921310e-001	8.000475e-001
1.247295097860152e-001	5.664249e-001	4.515329e-001
1.248295097860152e-001	5.150930e-001	1.271975e-001
1.248630224361949e-001	4.729408e-001	4.322295e-002
1.248869536511117e-001	4.144300e-001	1.161573e-002
1.249105494655838e-001	3.359429e-001	1.213710e-003
1.249202308061384e-001	3.004000e-001	2.774190e-004
1.249363093127877e-001	2.400164e-001	6.881171e-005
1.249545773169968e-001	1.712195e-001	1.163938e-005
1.249911133254152e-001	3.349988e-002	2.033129e-006
1.250458043188188e-001	-1.729040e-001	2.343992e-004
1.250934482434135e-001	-3.556468e-001	3.428115e-003
1.251177164234000e-001	-4.577555e-001	1.412065e-002
1.251364635897090e-001	-5.521110e-001	3.788229e-002
1.251559023377378e-001	-6.674727e-001	8.007300e-002
1.251795597211889e-001	-8.222222e-001	1.458149e-001
1.252060462671913e-001	-1.004730e+000	2.287350e-001
1.252448653429483e-001	-1.280511e+000	3.587005e-001
1.253112913644278e-001	-1.760831e+000	5.899818e-001
1.254112913644278e-001	-2.490039e+000	9.457121e-001
1.255112913644278e-001	-3.220307e+000	1.304697e+000
1.256112913644278e-001	-3.948280e+000	1.664109e+000
1.257112913644278e-001	-4.671655e+000	2.022170e+000
1.259112913644278e-001	-6.098142e+000	2.729836e+000
1.262112913644277e-001	-8.168296e+000	3.758892e+000
1.265112913644277e-001	-1.012899e+001	4.734830e+000
1.268112913644277e-001	-1.195385e+001	5.643855e+000
1.271112913644276e-001	-1.361887e+001	6.473671e+000
1.274112913644276e-001	-1.510239e+001	7.213277e+000
1.277112913644276e-001	-1.638519e+001	7.852968e+000
1.280112913644275e-001	-1.745071e+001	8.384399e+000
1.283112913644275e-001	-1.828522e+001	8.800664e+000
1.286112913644275e-001	-1.887798e+001	9.096363e+000
1.289112913644274e-001	-1.922136e+001	9.267668e+000
1.292112913644274e-001	-1.931095e+001	9.312361e+000
1.295112913644274e-001	-1.914559e+001	9.229866e+000
1.298112913644273e-001	-1.872741e+001	9.021249e+000
1.301112913644273e-001	-1.806179e+001	8.689210e+000
1.304112913644273e-001	-1.715730e+001	8.238050e+000
1.307112913644273e-001	-1.602557e+001	7.673623e+000
1.310112913644272e-001	-1.468120e+001	7.003273e+000
1.313112913644272e-001	-1.314156e+001	6.235755e+000
1.316112913644272e-001	-1.142662e+001	5.381167e+000
1.319112913644271e-001	-9.558737e+000	4.450891e+000
1.322112913644271e-001	-7.562605e+000	3.457628e+000
1.324112913644271e-001	-6.173898e+000	2.767460e+000
1.326112913644270e-001	-4.749113e+000	2.060569e+000
1.327112913644270e-001	-4.026341e+000	1.702732e+000
1.328112913644270e-001	-3.298710e+000	1.343338e+000
1.329112913644270e-001	-2.568500e+000	9.841434e-001
1.330112913644270e-001	-1.840073e+000	6.289831e-001
1.331112913644270e-001	-1.127861e+000	2.917600e-001
1.331924093476868e-001	-5.844839e-001	5.346294e-002
1.332126008083314e-001	-4.719957e-001	1.700194e-002
1.332343767412295e-001	-3.758525e-001	2.881461e-003
1.332457853315670e-001	-3.306652e-001	6.768791e-004
1.332613852072185e-001	-2.713598e-001	1.550253e-004
1.332760083320111e-001	-2.161273e-001	3.400261e-005
1.333030473208260e-001	-1.141773e-001	4.238844e-006
1.333486517500082e-001	5.755267e-002	1.960814e-004
1.334289922959110e-001	3.535547e-001	6.992886e-003
1.334597915521414e-001	4.500854e-001	2.647026e-002
1.334824272526074e-001	4.970036e-001	6.477131e-002
1.335057498068696e-001	5.241176e-001	1.254196e-001
1.335371827430449e-001	5.459366e-001	2.218014e-001
1.335691279783482e-001	5.601974e-001	3.275573e-001
1.336271023123661e-001	5.768289e-001	5.283915e-001
1.337271023123660e-001	5.960667e-001	8.829613e-001
1.338271023123660e-001	6.093270e-001	1.241407e+000
1.339271023123660e-001	6.188033e-001	1.601006e+000
1.340271023123660e-001	6.261694e-001	1.959561e+000
1.342271023123660e-001	6.376181e-001	2.668417e+000
1.344271023123660e-001	6.462822e-001	3.361272e+000
1.347271023123659e-001	6.561618e-001	4.359763e+000
1.350271023123659e-001	6.636648e-001	5.296539e+000
1.353271023123659e-001	6.695628e-001	6.158766e+000
1.356271023123658e-001	6.742644e-001	6.934940e+000
1.359271023123658e-001	6.780124e-001	7.614843e+000
1.362271023123658e-001	6.809559e-001	8.189589e+000
1.365271023123657e-001	6.831951e-001	8.651696e+000
1.368271023123657e-001	6.847935e-001	8.995170e+000
1.371271023123657e-001	6.857910e-001	9.215559e+000
1.374271023123656e-001	6.862135e-001	9.310011e+000
1.377271023123656e-001	6.860676e-001	9.277305e+000
1.380271023123656e-001	6.853523e-001	9.117863e+000
1.383271023123655e-001	6.840496e-001	8.833748e+000
1.386271023123655e-001	6.821280e-001	8.428640e+000
1.389271023123655e-001	6.795368e-001	7.907790e+000
1.392271023123654e-001	6.761947e-001	7.277968e+000
1.395271023123654e-001	6.719804e-001	6.547384e+000
1.398271023123654e-001	6.667027e-001	5.725619e+000
1.401271023123653e-001	6.600466e-001	4.823555e+000
1.404271023123653e-001	6.514547e-001	3.853362e+000
1.407271023123653e-001	6.397982e-001	2.828673e+000
1.409271023123652e-001	6.290863e-001	2.123024e+000
1.410271023123652e-001	6.222260e-001	1.765581e+000
1.411271023123652e-001	6.137484e-001	1.406363e+000
1.412271023123652e-001	6.026489e-001	1.046896e+000
1.413271023123652e-001	5.861799e-001	6.904541e-001
1.414271023123652e-001	5.555747e-001	3.463344e-001
1.415066113454633e-001	5.038414e-001	9.918687e-002
1.415377713415761e-001	4.572251e-001	2.850765e-002
1.415567139283991e-001	4.068118e-001	7.581595e-003
1.415750712013643e-001	3.439685e-001	1.269651e-003
1.415865568910628e-001	3.016546e-001	3.062710e-004
1.416013379975829e-001	2.461809e-001	7.752459e-005
1.416204516039054e-001	1.742043e-001	1.355261e-005
1.416543465961543e-001	4.644436e-002	1.038504e-006
1.416985906591731e-001	-1.206035e-001	2.557445e-004
1.417638020579719e-001	-3.718713e-001	5.761370e-003
1.417901949995972e-001	-4.866737e-001	2.115121e-002
1.418107069808736e-001	-5.958561e-001	5.310369e-002
1.418321425762663e-001	-7.289766e-001	1.055517e-001
1.418588781184339e-001	-9.086328e-001	1.846466e-001
1.418880999975762e-001	-1.113185e+000	2.793707e-001
1.419374474624483e-001	-1.467147e+000	4.480996e-001
1.420210730147338e-001	-2.074760e+000	7.426510e-001
1.421210730147338e-001	-2.804977e+000	1.100272e+000
1.422210730147338e-001	-3.534642e+000	1.459763e+000
1.423210730147338e-001	-4.260866e+000	1.818762e+000
1.425210730147337e-001	-5.695630e+000	2.530003e+000
1.427210730147337e-001	-7.097584e+000	3.226422e+000
1.430210730147337e-001	-9.118978e+000	4.231977e+000
1.433210730147337e-001	-1.101801e+001	5.177613e+000
1.436210730147336e-001	-1.276947e+001	6.050304e+000
1.439210730147336e-001	-1.435047e+001	6.838380e+000
1.442210730147336e-001	-1.574047e+001	7.531450e+000
1.445210730147335e-001	-1.692151e+001	8.120450e+000
1.448210730147335e-001	-1.787836e+001	8.597712e+000
1.451210730147335e-001	-1.859869e+001	8.957038e+000
1.454210730147334e-001	-1.907324e+001	9.193775e+000
1.457210730147334e-001	-1.929590e+001	9.304855e+000
1.460210730147334e-001	-1.926381e+001	9.288845e+000
1.463210730147333e-001	-1.897738e+001	9.145949e+000
1.466210730147333e-001	-1.844029e+001	8.878017e+000
1.469210730147333e-001	-1.765946e+001	8.488520e+000
1.472210730147332e-001	-1.664492e+001	7.982502e+000
1.475210730147332e-001	-1.540976e+001	7.366539e+000
1.478210730147332e-001	-1.396991e+001	6.648660e+000
1.481210730147331e-001	-1.234400e+001	5.838266e+000
1.484210730147331e-001	-1.055316e+001	4.946072e+000
1.487210730147331e-001	-8.620875e+000	3.984076e+000
1.490210730147330e-001	-6.572959e+000	2.965694e+000
1.492210730147330e-001	-5.157466e+000	2.263001e+000
1.493210730147330e-001	-4.438196e+000	1.906556e+000
1.494210730147330e-001	-3.713110e+000	1.547892e+000
1.495210730147330e-001	-2.984004e+000	1.188286e+000
1.496210730147330e-001	-2.253746e+000	8.300782e-001
1.497210730147330e-001	-1.529586e+000	4.799929e-001
1.498210730147329e-001	-8.300469e-001	1.560194e-001
1.498690643708242e-001	-5.267539e-001	3.333859e-002
1.498867727814154e-001	-4.370395e-001	1.031259e-002
1.499133355461274e-001	-3.277939e-001	1.134725e-003
1.499242797719357e-001	-2.856072e-001	1.874732e-004
1.499394372979019e-001	-2.283431e-001	4.689895e-005
1.499593824926117e-001	-1.531259e-001	7.467524e-006
1.499992728820313e-001	-2.742145e-003	9.747615e-007
1.500000000000000e-001	-9.905799e-007	9.905798e-007
